0	0	0	2048	2048	4	0
01	0	0	1024	1024	4	0
011	0	0	512	512	4	0
0111	0	0	256	256	4	0
01111	0	0	128	128	0	24	0	4	8	12	392	396	400	403	726	729	794	795	796	797	798	905	906	907	908	909	1721	1726	1774	2684
01112	128	0	128	128	0	35	799	800	801	802	803	804	805	806	910	911	912	913	914	1674	1721	1722	1723	1734	1735	1742	1743	1750	1751	1758	1759	1775	1776	2654	2655	2685	2686	2702	2703	3413	3414
01113	0	128	128	128	0	14	15	18	22	25	406	410	414	417	1721	1726	1788	1804	1824	1844
01114	128	128	128	128	0	14	22	25	414	417	1721	1723	1789	1790	1805	1806	1825	1826	1845	1846
0112	256	0	256	256	4	0
01121	256	0	128	128	0	35	807	808	809	810	811	812	813	814	915	916	917	918	919	1675	1723	1724	1725	1736	1737	1744	1745	1752	1753	1760	1761	1777	1778	2656	2657	2687	2688	2704	2705	3415	3416
01122	384	0	128	128	0	19	1	5	9	393	397	815	816	817	818	819	920	921	922	923	924	1672	1725	1779	2689
01123	256	128	128	128	0	14	22	25	414	417	1723	1725	1791	1792	1807	1808	1827	1828	1847	1848
01124	384	128	128	128	0	12	19	22	25	407	411	414	417	1725	1793	1809	1829	1849
0113	0	256	256	256	4	0
01131	0	256	128	128	0	21	28	32	36	40	420	424	428	432	732	733	1004	1005	1006	1007	1008	1030	1031	1032	1033	1034	1729
01132	128	256	128	128	0	17	1009	1010	1011	1012	1013	1014	1015	1016	1035	1036	1037	1038	1039	1040	1041	1042	1728
01133	0	384	128	128	0	9	44	48	52	55	436	440	444	447	1729
01134	128	384	128	128	0	1	3442
0114	256	256	256	256	4	0
01141	256	256	128	128	0	16	1017	1018	1019	1020	1021	1022	1023	1024	1043	1044	1045	1046	1047	1048	1049	1050
01142	384	256	128	128	0	19	29	33	37	41	421	425	429	433	1025	1026	1027	1028	1029	1051	1052	1053	1054	1055	1678
01143	256	384	128	128	0	0
01144	384	384	128	128	0	8	45	49	53	56	437	441	445	448
012	512	0	512	512	4	0
0121	512	0	256	256	4	0
01211	512	0	128	128	0	24	1	5	9	393	397	727	730	820	821	822	823	824	925	926	927	1676	1730	1738	1746	1754	1762	1768	1780	3417
01212	640	0	128	128	0	23	825	826	827	828	829	830	831	832	928	929	930	931	932	933	934	1730	1739	1747	1755	1763	1769	1781	3418
01213	512	128	128	128	0	16	19	22	25	407	411	414	417	1730	1794	1810	1830	1850	1864	1880	1898	1916
01214	640	128	128	128	0	17	1730	1795	1811	1812	1831	1832	1851	1852	1865	1866	1881	1882	1899	1900	1917	1918	2692
0122	768	0	256	256	4	0
01221	768	0	128	128	0	17	833	834	835	836	837	838	839	840	935	936	937	938	939	940	941	942	1732
01222	896	0	128	128	0	19	2	6	10	13	394	398	401	404	841	842	843	844	845	943	944	945	946	947	1673
01223	768	128	128	128	0	9	1733	1813	1833	1853	1867	1883	1901	1919	2693
01224	896	128	128	128	0	8	16	20	23	26	408	412	415	418
0123	512	256	256	256	4	0
01231	512	256	128	128	0	17	29	33	37	41	421	425	429	433	1730	1934	1954	1976	1998	2020	2044	2658	2706
01232	640	256	128	128	0	17	1730	1935	1936	1955	1956	1977	1978	1999	2000	2021	2022	2045	2046	2070	2094	2659	2707
01233	512	384	128	128	0	8	45	49	53	56	437	441	445	448
01234	640	384	128	128	0	8	53	56	445	448	2120	2146	2172	2196
0124	768	256	256	256	4	0
01241	768	256	128	128	0	8	1937	1957	1979	2001	2023	2047	2071	2095
01242	896	256	128	128	0	8	30	34	38	42	422	426	430	434
01243	768	384	128	128	0	8	53	56	445	448	2121	2147	2173	2197
01244	896	384	128	128	0	8	46	50	53	56	438	442	445	448
013	0	512	512	512	4	0
0131	0	512	256	256	4	0
01311	0	512	128	128	0	8	58	63	68	73	450	455	460	464
01312	128	512	128	128	0	0
01313	0	640	128	128	0	8	77	82	87	88	468	473	478	479
01314	128	640	128	128	0	4	87	88	478	479
0132	256	512	256	256	4	0
01321	256	512	128	128	0	0
01322	384	512	128	128	0	5	59	64	69	451	456
01323	256	640	128	128	0	4	87	88	478	479
01324	384	640	128	128	0	8	78	83	87	88	469	474	478	479
0133	0	768	256	256	4	0
01331	0	768	128	128	0	32	89	97	105	113	480	488	496	501	738	743	1096	1097	1098	1099	1100	1183	1184	1185	1186	1187	2728	2729	2730	2731	2741	2742	2743	2744	2754	2755	2760	2761
01332	128	768	128	128	0	30	90	98	106	481	489	502	1101	1102	1103	1104	1105	1188	1189	1190	1191	1192	1681	2732	2733	2734	2735	2745	2746	2747	2748	2756	2757	2762	2763	2764
01333	0	896	128	128	0	18	118	126	134	137	509	517	525	528	2768	2769	2770	2771	2784	2785	2786	2787	2795	2797
01334	128	896	128	128	0	14	119	127	337	340	365	368	510	518	2772	2773	2774	2788	2796	2798
0134	256	768	256	256	4	0
01341	256	768	128	128	0	18	90	98	106	481	489	502	739	744	1106	1107	1108	1109	1110	1193	1194	1195	1196	1197
01342	384	768	128	128	0	17	91	99	107	482	490	503	1111	1112	1113	1114	1115	1198	1199	1200	1201	1202	1682
01343	256	896	128	128	0	8	119	127	337	340	365	368	510	518
01344	384	896	128	128	0	8	120	128	337	340	365	368	511	519
014	512	512	512	512	4	0
0141	512	512	256	256	4	0
01411	512	512	128	128	0	19	59	64	69	451	456	734	736	1056	1057	1058	1059	1060	1076	1077	1078	1079	1080	2722	2724
01412	640	512	128	128	0	21	60	65	70	74	452	457	461	465	1061	1062	1063	1064	1065	1081	1082	1083	1084	1085	1679	2723	2725
01413	512	640	128	128	0	8	78	83	87	88	469	474	478	479
01414	640	640	128	128	0	8	79	84	87	88	470	475	478	479
0142	768	512	256	256	4	0
01421	768	512	128	128	0	20	60	65	70	74	452	457	461	465	735	737	1066	1067	1068	1069	1070	1086	1087	1088	1089	1090
01422	896	512	128	128	0	19	61	66	71	75	453	458	462	466	1071	1072	1073	1074	1075	1091	1092	1093	1094	1095	1680
01423	768	640	128	128	0	8	79	84	87	88	470	475	478	479
01424	896	640	128	128	0	8	80	85	335	336	363	364	471	476
0143	512	768	256	256	4	0
01431	512	768	128	128	0	18	91	99	107	482	490	503	740	745	1116	1117	1118	1119	1120	1203	1204	1205	1206	1207
01432	640	768	128	128	0	17	92	100	108	483	491	504	1121	1122	1123	1124	1125	1208	1209	1210	1211	1212	1683
01433	512	896	128	128	0	8	120	128	337	340	365	368	511	519
01434	640	896	128	128	0	8	121	129	338	341	366	369	512	520
0144	768	768	256	256	4	0
01441	768	768	128	128	0	20	92	100	108	483	491	504	741	746	1126	1127	1128	1129	1213	1214	1215	1216	2726	2736	2749	2765
01442	896	768	128	128	0	30	93	101	109	114	484	492	497	505	1130	1131	1132	1133	1217	1218	1219	1220	1684	2727	2737	2738	2739	2740	2750	2751	2752	2753	2758	2759	2766	2767
01443	768	896	128	128	0	17	121	129	338	341	366	369	512	520	2775	2776	2777	2778	2779	2789	2790	2791	2792
01444	896	896	128	128	0	14	122	130	338	341	366	369	513	521	2780	2781	2782	2783	2793	2794
02	1024	0	1024	1024	4	0
021	1024	0	512	512	4	0
0211	1024	0	256	256	4	0
02111	1024	0	128	128	0	26	2	6	10	13	394	398	401	404	728	731	846	847	848	849	850	948	949	950	1677	1740	1748	1756	1764	1770	1782	3419
02112	1152	0	128	128	0	32	851	852	853	854	855	856	857	858	951	952	953	954	955	956	957	1741	1749	1757	1765	1771	1783	2424	2425	3049	3050	3051	3052	3085	3086	3087	3420	3421
02113	1024	128	128	128	0	16	16	20	23	26	408	412	415	418	1796	1814	1834	1854	1868	1884	1902	1920
02114	1152	128	128	128	0	33	1797	1798	1815	1816	1817	1835	1836	1837	1855	1856	1857	1869	1870	1871	1872	1885	1886	1887	1888	1903	1904	1905	1906	1921	1922	1923	1924	2426	2446	2447	2620	3423	3425
0212	1280	0	256	256	4	0
02121	1280	0	128	128	0	32	859	860	861	862	863	864	865	866	958	959	960	961	962	963	964	965	3053	3054	3055	3056	3057	3058	3059	3060	3088	3089	3090	3091	3092	3093	3094	3095
02122	1408	0	128	128	0	32	867	868	869	870	871	872	873	874	966	967	968	969	970	971	972	973	3061	3062	3063	3064	3065	3066	3067	3068	3096	3097	3098	3099	3100	3101	3102	3103
02123	1280	128	128	128	0	45	1889	1907	1925	2427	2428	2429	2448	2449	2450	2451	2452	2453	2454	2455	2478	2479	2480	2481	2482	2483	2621	3119	3120	3121	3122	3123	3124	3125	3126	3147	3148	3149	3150	3151	3152	3153	3173	3174	3175	3176	3193	3194	3195	3427	3429
02124	1408	128	128	128	0	48	2456	2457	2458	2459	2460	2461	2462	2463	2484	2485	2486	2487	2488	2489	2490	2491	3127	3128	3129	3130	3131	3132	3133	3134	3154	3155	3156	3157	3158	3159	3160	3161	3177	3178	3179	3180	3181	3182	3183	3184	3196	3197	3198	3199	3200	3201	3202	3203
0213	1024	256	256	256	4	0
02131	1024	256	128	128	0	16	30	34	38	42	422	426	430	434	1938	1958	1980	2002	2024	2048	2072	2096
02132	1152	256	128	128	0	32	1939	1940	1941	1942	1959	1960	1961	1962	1981	1982	1983	1984	2003	2004	2005	2006	2025	2026	2027	2028	2049	2050	2051	2052	2073	2074	2075	2076	2097	2098	2099	2100
02133	1024	384	128	128	0	16	46	50	53	56	438	442	445	448	2122	2148	2174	2198	2218	2238	2258	2276
02134	1152	384	128	128	0	32	2123	2124	2125	2126	2149	2150	2151	2152	2175	2176	2177	2178	2199	2200	2201	2202	2219	2220	2221	2222	2239	2240	2241	2242	2259	2260	2261	2262	2277	2278	2279	2280
0214	1280	256	256	256	4	0
02141	1280	256	128	128	0	33	1943	1944	1963	1964	1965	1985	1986	1987	2007	2008	2009	2029	2030	2031	2032	2053	2054	2055	2056	2077	2078	2079	2080	2101	2102	2103	2104	2430	2502	2503	2622	3431	3433
02142	1408	256	128	128	0	39	2057	2081	2105	2106	2107	2431	2504	2505	2506	2507	2508	2509	2510	2511	2518	2519	2520	2521	2522	2523	2623	2694	2695	3211	3212	3213	3214	3215	3216	3217	3218	3223	3224	3225	3226	3227	3228	3229	3435
02143	1280	384	128	128	0	32	2127	2128	2129	2130	2153	2154	2155	2156	2179	2180	2181	2182	2203	2204	2205	2206	2223	2224	2225	2226	2243	2244	2245	2246	2263	2264	2265	2266	2281	2282	2283	2666
02144	1408	384	128	128	0	41	2131	2132	2133	2157	2158	2159	2183	2184	2207	2227	2247	2432	2433	2434	2435	2526	2527	2528	2624	2660	2662	2664	2708	3233	3234	3237	3238	3239	3243	3244	3245	3246	3247	3248	3255	3256	3257	3258	3259	3260	3261
022	1536	0	512	512	4	0
0221	1536	0	256	256	4	0
02211	1536	0	128	128	0	32	875	876	877	878	879	880	881	882	974	975	976	977	978	979	980	981	3069	3070	3071	3072	3073	3074	3075	3076	3104	3105	3106	3107	3108	3109	3110	3111
02212	1664	0	128	128	0	32	883	884	885	886	887	888	889	890	982	983	984	985	986	987	988	989	2637	3077	3078	3079	3080	3081	3082	3083	3084	3112	3113	3114	3115	3116	3117	3118
02213	1536	128	128	128	0	48	2464	2465	2466	2467	2468	2469	2470	2471	2492	2493	2494	2495	2496	2497	2498	2499	2641	3135	3136	3137	3138	3139	3140	3141	3142	3162	3163	3164	3165	3166	3167	3168	3169	3185	3186	3187	3188	3189	3190	3191	3192	3204	3205	3206	3207	3208	3209	3210
02214	1664	128	128	128	0	38	1818	1838	1858	1873	1874	1890	1891	1892	1908	1909	1910	1926	1927	1928	2472	2473	2474	2475	2476	2477	2500	2501	2638	2639	2640	2696	2697	3143	3144	3145	3146	3170	3171	3172	3424	3426	3428	3430
0222	1792	0	256	256	4	0
02221	1792	0	128	128	0	26	891	892	893	894	895	896	897	898	990	991	992	993	994	995	996	997	1766	1772	1784	1785	1786	2636	2682	2690	2691	3422
02222	1920	0	128	128	0	24	3	7	11	14	395	399	402	405	899	900	901	902	903	904	998	999	1000	1001	1002	1003	1767	1773	1787	2683
02223	1792	128	128	128	0	32	1799	1800	1801	1802	1819	1820	1821	1822	1839	1840	1841	1842	1859	1860	1861	1862	1875	1876	1877	1878	1893	1894	1895	1896	1911	1912	1913	1914	1929	1930	1931	1932
02224	1920	128	128	128	0	16	17	21	24	27	409	413	416	419	1803	1823	1843	1863	1879	1897	1915	1933
0223	1536	256	256	256	4	0
02231	1536	256	128	128	0	36	1966	1988	2010	2033	2034	2058	2059	2060	2082	2083	2084	2108	2109	2110	2512	2513	2514	2515	2516	2517	2524	2525	2642	2643	2698	2699	3219	3220	3221	3222	3230	3231	3232	3432	3434	3436
02232	1664	256	128	128	0	32	1945	1946	1947	1948	1967	1968	1969	1970	1989	1990	1991	1992	2011	2012	2013	2014	2035	2036	2037	2038	2061	2062	2063	2064	2085	2086	2087	2088	2111	2112	2113	2114
02233	1536	384	128	128	0	41	2134	2135	2136	2160	2161	2162	2185	2186	2208	2228	2248	2529	2530	2531	2631	2644	2645	2646	2647	2661	2663	2665	2709	3235	3236	3240	3241	3242	3249	3250	3251	3252	3253	3254	3262	3263	3264	3265	3266	3267	3268
02234	1664	384	128	128	0	32	2137	2138	2139	2140	2163	2164	2165	2166	2187	2188	2189	2190	2209	2210	2211	2212	2229	2230	2231	2232	2249	2250	2251	2252	2267	2268	2269	2270	2284	2285	2286	2667
0224	1792	256	256	256	4	0
02241	1792	256	128	128	0	32	1949	1950	1951	1952	1971	1972	1973	1974	1993	1994	1995	1996	2015	2016	2017	2018	2039	2040	2041	2042	2065	2066	2067	2068	2089	2090	2091	2092	2115	2116	2117	2118
02242	1920	256	128	128	0	16	31	35	39	43	423	427	431	435	1953	1975	1997	2019	2043	2069	2093	2119
02243	1792	384	128	128	0	32	2141	2142	2143	2144	2167	2168	2169	2170	2191	2192	2193	2194	2213	2214	2215	2216	2233	2234	2235	2236	2253	2254	2255	2256	2271	2272	2273	2274	2287	2288	2289	2290
02244	1920	384	128	128	0	16	47	51	54	57	439	443	446	449	2145	2171	2195	2217	2237	2257	2275	2291
023	1024	512	512	512	4	0
0231	1024	512	256	256	4	0
02311	1024	512	128	128	0	16	61	66	71	75	453	458	462	466	2292	2308	2324	2338	2350	2362	2374	2384
02312	1152	512	128	128	0	32	2293	2294	2295	2296	2309	2310	2311	2312	2325	2326	2327	2328	2339	2340	2341	2342	2351	2352	2353	2354	2363	2364	2365	2366	2375	2376	2377	2378	2385	2386	2387	2674
02313	1024	640	128	128	0	10	80	85	335	336	363	364	471	476	2676	2716
02314	1152	640	128	128	0	15	335	336	363	364	2392	2393	2398	2399	2404	2405	2410	2411	2677	2714	2717
0232	1280	512	256	256	4	0
02321	1280	512	128	128	0	42	2297	2298	2299	2313	2314	2315	2329	2330	2343	2355	2367	2436	2437	2438	2439	2546	2547	2548	2626	2668	2670	2672	2710	2712	3269	3270	3289	3290	3291	3311	3312	3313	3314	3315	3316	3339	3340	3341	3342	3343	3344	3345
02322	1408	512	128	128	0	48	2532	2533	2534	2535	2536	2537	2538	2549	2550	2551	2552	2553	2554	2555	2556	2625	3271	3272	3273	3274	3275	3276	3277	3278	3292	3293	3294	3295	3296	3297	3298	3299	3317	3318	3319	3320	3321	3322	3323	3324	3346	3347	3348	3349	3350	3351	3352	3353
02323	1280	640	128	128	0	12	335	336	363	364	2568	2569	2570	2571	2572	2573	2574	2627
02324	1408	640	128	128	0	12	335	336	363	364	2575	2576	2577	2578	2579	2580	2581	2582
0233	1024	768	256	256	4	0
02331	1024	768	128	128	0	20	93	101	109	114	484	492	497	505	742	747	1134	1135	1136	1137	1138	1221	1222	1223	1224	1225
02332	1152	768	128	128	0	19	94	102	110	115	485	493	498	506	1139	1140	1141	1142	1143	1226	1227	1228	1229	1230	1685
02333	1024	896	128	128	0	8	122	130	338	341	366	369	513	521
02334	1152	896	128	128	0	8	123	131	339	342	367	370	514	522
0234	1280	768	256	256	4	0
02341	1280	768	128	128	0	34	94	102	110	115	485	493	498	506	1144	1145	1146	1147	1148	1149	1231	1687	1688	1719	1720	2416	2417	2418	2420	2421	2422	2678	2679	2680	2718	2719	2720	3437	3438	3439
02342	1408	768	128	128	0	24	95	103	111	116	486	494	499	507	1150	1151	1152	1153	1154	1232	1233	1234	1235	1686	1720	2419	2423	2681	2721	3440
02343	1280	896	128	128	0	31	123	131	339	342	367	370	514	522	1712	1713	1714	1715	1716	2440	2441	2598	2599	2600	2601	2602	2628	3369	3370	3371	3372	3373	3375	3376	3377	3378	3379
02344	1408	896	128	128	0	15	124	132	135	138	515	523	526	529	1716	2603	2635	2652	2653	3374	3380
024	1536	512	512	512	4	0
0241	1536	512	256	256	4	0
02411	1536	512	128	128	0	48	2539	2540	2541	2542	2543	2544	2545	2557	2558	2559	2560	2561	2562	2563	2564	2632	3279	3280	3281	3282	3283	3284	3285	3286	3300	3301	3302	3303	3304	3305	3306	3307	3325	3326	3327	3328	3329	3330	3331	3332	3354	3355	3356	3357	3358	3359	3360	3361
02412	1664	512	128	128	0	42	2300	2301	2302	2316	2317	2318	2331	2332	2344	2356	2368	2565	2566	2567	2633	2648	2649	2650	2651	2669	2671	2673	2711	2713	3287	3288	3308	3309	3310	3333	3334	3335	3336	3337	3338	3362	3363	3364	3365	3366	3367	3368
02413	1536	640	128	128	0	12	335	336	363	364	2583	2584	2585	2586	2587	2588	2589	2590
02414	1664	640	128	128	0	12	335	336	363	364	2591	2592	2593	2594	2595	2596	2597	2634
0242	1792	512	256	256	4	0
02421	1792	512	128	128	0	32	2303	2304	2305	2306	2319	2320	2321	2322	2333	2334	2335	2336	2345	2346	2347	2348	2357	2358	2359	2360	2369	2370	2371	2372	2379	2380	2381	2382	2388	2389	2390	2675
02422	1920	512	128	128	0	16	62	67	72	76	454	459	463	467	2307	2323	2337	2349	2361	2373	2383	2391
02423	1792	640	128	128	0	17	335	336	363	364	2394	2395	2396	2400	2401	2402	2406	2407	2408	2412	2413	2414	2715
02424	1920	640	128	128	0	12	81	86	335	336	363	364	472	477	2397	2403	2409	2415
0243	1536	768	256	256	4	0
02431	1536	768	128	128	0	20	95	103	111	116	486	494	499	507	1155	1156	1157	1158	1159	1160	1236	1237	1238	1239	1240	1241
02432	1664	768	128	128	0	16	1161	1162	1163	1164	1165	1166	1167	1168	1242	1243	1244	1245	1246	1247	1248	1249
02433	1536	896	128	128	0	8	124	132	135	138	515	523	526	529
02434	1664	896	128	128	0	1	3441
0244	1792	768	256	256	4	0
02441	1792	768	128	128	0	16	1169	1170	1171	1172	1173	1174	1175	1176	1250	1251	1252	1253	1254	1255	1256	1257
02442	1920	768	128	128	0	20	96	104	112	117	487	495	500	508	1177	1178	1179	1180	1181	1182	1258	1259	1260	1261	1262	1263
02443	1792	896	128	128	0	1	3441
02444	1920	896	128	128	0	8	125	133	136	139	516	524	527	530
03	0	1024	1024	1024	4	0
031	0	1024	512	512	4	0
0311	0	1024	256	256	4	0
03111	0	1024	128	128	0	18	140	148	156	164	531	539	547	554	748	753	1264	1265	1266	1267	1308	1309	1310	1311
03112	128	1024	128	128	0	15	141	149	157	532	540	555	1268	1269	1270	1271	1312	1313	1314	1315	1689
03113	0	1152	128	128	0	8	171	179	187	189	562	570	578	580
03114	128	1152	128	128	0	8	172	180	187	189	563	571	578	580
0312	256	1024	256	256	4	0
03121	256	1024	128	128	0	18	141	149	157	532	540	555	749	754	1272	1273	1274	1275	1276	1316	1317	1318	1319	1320
03122	384	1024	128	128	0	19	142	150	158	165	533	541	548	556	1277	1278	1279	1280	1281	1321	1322	1323	1324	1325	1690
03123	256	1152	128	128	0	8	172	180	187	189	563	571	578	580
03124	384	1152	128	128	0	8	173	181	343	347	371	375	564	572
0313	0	1280	256	256	4	0
03131	0	1280	128	128	0	20	191	199	207	215	582	590	598	603	758	764	1352	1353	1354	1355	1356	1404	1405	1406	1407	1408
03132	128	1280	128	128	0	19	192	200	208	216	583	591	599	604	1357	1358	1359	1360	1361	1409	1410	1411	1412	1413	1694
03133	0	1408	128	128	0	8	220	228	236	238	611	619	627	629
03134	128	1408	128	128	0	8	221	229	351	354	379	382	612	620
0314	256	1280	256	256	4	0
03141	256	1280	128	128	0	25	192	200	208	216	583	591	599	604	759	765	1362	1363	1364	1365	1414	1415	1416	1417	2831	2835	2839	2843	2844	2857	2858
03142	384	1280	128	128	0	25	193	201	209	584	592	605	1366	1367	1368	1369	1418	1419	1420	1421	1695	2832	2836	2840	2845	2846	2859	2860	2861	2862	2863
03143	256	1408	128	128	0	12	221	229	351	354	379	382	612	620	2874	2875	2887	2888
03144	384	1408	128	128	0	15	222	230	351	354	379	382	613	621	2876	2877	2878	2879	2880	2889	2890
032	512	1024	512	512	4	0
0321	512	1024	256	256	4	0
03211	512	1024	128	128	0	30	142	150	158	165	533	541	548	556	750	755	1282	1283	1284	1285	1326	1327	1328	1329	2444	2445	3393	3394	3395	3396	3397	3403	3404	3405	3406	3407
03212	640	1024	128	128	0	27	143	151	159	166	534	542	549	557	1286	1287	1288	1289	1330	1331	1332	1333	1691	3398	3399	3400	3401	3402	3408	3409	3410	3411	3412
03213	512	1152	128	128	0	14	173	181	343	347	371	375	564	572	2610	2611	2612	2613	2614	2630
03214	640	1152	128	128	0	14	174	182	344	348	372	376	565	573	2615	2616	2617	2618	2619	2701
0322	768	1024	256	256	4	0
03221	768	1024	128	128	0	20	143	151	159	166	534	542	549	557	751	756	1290	1291	1292	1293	1294	1334	1335	1336	1337	1338
03222	896	1024	128	128	0	19	144	152	160	167	535	543	550	558	1295	1296	1297	1298	1299	1339	1340	1341	1342	1343	1692
03223	768	1152	128	128	0	8	174	182	344	348	372	376	565	573
03224	896	1152	128	128	0	8	175	183	345	349	373	377	566	574
0323	512	1280	256	256	4	0
03231	512	1280	128	128	0	16	193	201	209	584	592	605	760	766	1370	1371	1372	1373	1422	1423	1424	1425
03232	640	1280	128	128	0	15	194	202	210	585	593	606	1374	1375	1376	1377	1426	1427	1428	1429	1696
03233	512	1408	128	128	0	8	222	230	351	354	379	382	613	621
03234	640	1408	128	128	0	8	223	231	352	355	380	383	614	622
0324	768	1280	256	256	4	0
03241	768	1280	128	128	0	29	194	202	210	585	593	606	761	767	1378	1379	1380	1381	1430	1431	1432	1433	2833	2837	2841	2847	2848	2849	2850	2851	2864	2865	2866	2867	2868
03242	896	1280	128	128	0	28	195	203	211	586	594	607	1382	1383	1384	1385	1434	1435	1436	1437	1697	2834	2838	2842	2852	2853	2854	2855	2856	2869	2870	2871	2872	2873
03243	768	1408	128	128	0	14	223	231	352	355	380	383	614	622	2881	2882	2883	2891	2892	2893
03244	896	1408	128	128	0	14	224	232	352	355	380	383	615	623	2884	2885	2886	2894	2895	2896
033	0	1536	512	512	4	0
0331	0	1536	256	256	4	0
03311	0	1536	128	128	0	40	240	248	256	264	631	639	647	652	770	776	1456	1457	1458	1459	1510	1511	1512	1513	2900	2901	2902	2903	2904	2905	2914	2915	2916	2917	2918	2919	2929	2930	2938	2939	2950	2951	2952	2953	2954	2955
03312	128	1536	128	128	0	26	241	249	257	632	640	653	1460	1461	1462	1463	1514	1515	1516	1517	1700	2906	2920	2921	2922	2931	2940	2956	2957	2958	2959	2960
03313	0	1664	128	128	0	14	269	277	285	287	660	668	676	678	2970	2971	2972	2973	2974	2975
03314	128	1664	128	128	0	13	270	278	285	287	661	669	676	678	2976	2977	2978	2979	2980
0332	256	1536	256	256	4	0
03321	256	1536	128	128	0	18	241	249	257	632	640	653	771	777	1464	1465	1466	1467	1468	1518	1519	1520	1521	1522
03322	384	1536	128	128	0	19	242	250	258	265	633	641	648	654	1469	1470	1471	1472	1473	1523	1524	1525	1526	1527	1701
03323	256	1664	128	128	0	8	270	278	285	287	661	669	676	678
03324	384	1664	128	128	0	8	271	279	357	360	385	388	662	670
0333	0	1792	256	256	4	0
03331	0	1792	128	128	0	20	289	297	305	313	680	688	696	699	782	788	1564	1565	1566	1567	1568	1618	1619	1620	1621	1622
03332	128	1792	128	128	0	17	290	298	306	681	689	700	1569	1570	1571	1572	1573	1623	1624	1625	1626	1627	1706
03333	0	1920	128	128	0	8	316	324	332	334	707	715	723	725
03334	128	1920	128	128	0	9	317	325	332	334	391	708	716	723	725
0334	256	1792	256	256	4	0
03341	256	1792	128	128	0	16	290	298	306	681	689	700	783	789	1574	1575	1576	1577	1628	1629	1630	1631
03342	384	1792	128	128	0	15	291	299	307	682	690	701	1578	1579	1580	1581	1632	1633	1634	1635	1707
03343	256	1920	128	128	0	8	317	325	332	334	391	708	716	725
03344	384	1920	128	128	0	8	318	326	332	334	391	709	717	725
034	512	1536	512	512	4	0
0341	512	1536	256	256	4	0
03411	512	1536	128	128	0	27	242	250	258	265	633	641	648	654	772	778	1474	1475	1476	1477	1528	1529	1530	1531	2907	2923	2932	2941	2942	2943	2961	2962	2963
03412	640	1536	128	128	0	26	243	251	259	266	634	642	649	655	1478	1479	1480	1481	1532	1533	1534	1535	1702	2908	2924	2925	2926	2933	2934	2935	2944	2964
03413	512	1664	128	128	0	12	271	279	357	360	385	388	662	670	2981	2994	3007	3009
03414	640	1664	128	128	0	16	272	280	358	361	386	389	663	671	2982	2983	2984	2995	2996	2997	3008	3010
0342	768	1536	256	256	4	0
03421	768	1536	128	128	0	20	243	251	259	266	634	642	649	655	773	779	1482	1483	1484	1485	1486	1536	1537	1538	1539	1540
03422	896	1536	128	128	0	17	244	252	260	635	643	656	1487	1488	1489	1490	1491	1541	1542	1543	1544	1545	1703
03423	768	1664	128	128	0	8	272	280	358	361	386	389	663	671
03424	896	1664	128	128	0	8	273	281	359	362	387	390	664	672
0343	512	1792	256	256	4	0
03431	512	1792	128	128	0	16	291	299	307	682	690	701	784	790	1582	1583	1584	1585	1636	1637	1638	1639
03432	640	1792	128	128	0	15	292	300	308	683	691	702	1586	1587	1588	1589	1640	1641	1642	1643	1708
03433	512	1920	128	128	0	8	318	326	332	334	391	709	717	725
03434	640	1920	128	128	0	8	319	327	332	334	391	710	718	725
0344	768	1792	256	256	4	0
03441	768	1792	128	128	0	29	292	300	308	683	691	702	785	791	1590	1591	1592	1593	1644	1645	1646	1647	3011	3013	3015	3017	3018	3019	3020	3021	3027	3028	3029	3030	3031
03442	896	1792	128	128	0	28	293	301	309	684	692	703	1594	1595	1596	1597	1648	1649	1650	1651	1709	3012	3014	3016	3022	3023	3024	3025	3026	3032	3033	3034	3035	3036
03443	768	1920	128	128	0	14	319	327	332	334	391	710	718	725	3037	3038	3039	3043	3044	3045
03444	896	1920	128	128	0	14	320	328	332	334	391	711	719	725	3040	3041	3042	3046	3047	3048
04	1024	1024	1024	1024	4	0
041	1024	1024	512	512	4	0
0411	1024	1024	256	256	4	0
04111	1024	1024	128	128	0	29	144	152	160	167	535	543	550	558	752	757	1300	1301	1302	1303	1344	1345	1346	1347	2799	2801	2803	2805	2806	2807	2808	2811	2812	2813	2814
04112	1152	1024	128	128	0	24	145	153	161	168	536	544	551	559	1304	1305	1306	1307	1348	1349	1350	1351	1693	2800	2802	2804	2809	2810	2815	2816
04113	1024	1152	128	128	0	20	175	183	345	349	373	377	566	574	2817	2818	2819	2820	2821	2822	2823	2824	2826	2827	2828	2829
04114	1152	1152	128	128	0	10	176	184	346	350	374	378	567	575	2825	2830
0412	1280	1024	256	256	4	0
04121	1280	1024	128	128	0	17	145	153	161	168	536	544	551	559	1717	1718	1727	2442	2443	2604	2629	3381	3387
04122	1408	1024	128	128	0	26	146	154	162	169	537	545	552	560	1718	1727	2605	2606	2607	2608	2609	2700	3382	3383	3384	3385	3386	3388	3389	3390	3391	3392
04123	1280	1152	128	128	0	9	176	184	346	350	374	378	567	575	1727
04124	1408	1152	128	128	0	9	177	185	346	350	374	378	568	576	1727
0413	1024	1280	256	256	4	0
04131	1024	1280	128	128	0	16	195	203	211	586	594	607	762	768	1386	1387	1388	1389	1438	1439	1440	1441
04132	1152	1280	128	128	0	17	196	204	212	217	587	595	600	608	1390	1391	1392	1393	1442	1443	1444	1445	1698
04133	1024	1408	128	128	0	8	224	232	352	355	380	383	615	623
04134	1152	1408	128	128	0	8	225	233	352	355	380	383	616	624
0414	1280	1280	256	256	4	0
04141	1280	1280	128	128	0	20	196	204	212	217	587	595	600	608	763	769	1394	1395	1396	1397	1398	1446	1447	1448	1449	1450
04142	1408	1280	128	128	0	19	197	205	213	218	588	596	601	609	1399	1400	1401	1402	1403	1451	1452	1453	1454	1455	1699
04143	1280	1408	128	128	0	8	225	233	352	355	380	383	616	624
04144	1408	1408	128	128	0	8	226	234	353	356	381	384	617	625
042	1536	1024	512	512	4	0
0421	1536	1024	256	256	4	0
04211	1536	1024	128	128	0	8	146	154	162	169	537	545	552	560
04212	1664	1024	128	128	0	0
04213	1536	1152	128	128	0	8	177	185	346	350	374	378	568	576
04214	1664	1152	128	128	0	0
0422	1792	1024	256	256	4	0
04221	1792	1024	128	128	0	0
04222	1920	1024	128	128	0	8	147	155	163	170	538	546	553	561
04223	1792	1152	128	128	0	0
04224	1920	1152	128	128	0	8	178	186	188	190	569	577	579	581
0423	1536	1280	256	256	4	0
04231	1536	1280	128	128	0	8	197	205	213	218	588	596	601	609
04232	1664	1280	128	128	0	0
04233	1536	1408	128	128	0	8	226	234	353	356	381	384	617	625
04234	1664	1408	128	128	0	0
0424	1792	1280	256	256	4	0
04241	1792	1280	128	128	0	0
04242	1920	1280	128	128	0	8	198	206	214	219	589	597	602	610
04243	1792	1408	128	128	0	0
04244	1920	1408	128	128	0	8	227	235	237	239	618	626	628	630
043	1024	1536	512	512	4	0
0431	1024	1536	256	256	4	0
04311	1024	1536	128	128	0	18	244	252	260	635	643	656	774	780	1492	1493	1494	1495	1496	1546	1547	1548	1549	1550
04312	1152	1536	128	128	0	17	245	253	261	636	644	657	1497	1498	1499	1500	1501	1551	1552	1553	1554	1555	1704
04313	1024	1664	128	128	0	8	273	281	359	362	387	390	664	672
04314	1152	1664	128	128	0	8	274	282	359	362	387	390	665	673
0432	1280	1536	256	256	4	0
04321	1280	1536	128	128	0	23	245	253	261	636	644	657	775	781	1502	1503	1504	1505	1556	1557	1558	1559	2909	2945	2946	2947	2965	2966	2967
04322	1408	1536	128	128	0	32	246	254	262	267	637	645	650	658	1506	1507	1508	1509	1560	1561	1562	1563	1705	2897	2898	2899	2910	2911	2912	2913	2927	2928	2936	2937	2948	2949	2968	2969
04323	1280	1664	128	128	0	18	274	282	359	362	387	390	665	673	2985	2986	2987	2988	2989	2998	2999	3000	3001	3002
04324	1408	1664	128	128	0	16	275	283	359	362	387	390	666	674	2990	2991	2992	2993	3003	3004	3005	3006
0433	1024	1792	256	256	4	0
04331	1024	1792	128	128	0	18	293	301	309	684	692	703	786	792	1598	1599	1600	1601	1602	1652	1653	1654	1655	1656
04332	1152	1792	128	128	0	17	294	302	310	685	693	704	1603	1604	1605	1606	1607	1657	1658	1659	1660	1661	1710
04333	1024	1920	128	128	0	8	320	328	332	334	391	711	719	725
04334	1152	1920	128	128	0	8	321	329	332	334	391	712	720	725
0434	1280	1792	256	256	4	0
04341	1280	1792	128	128	0	18	294	302	310	685	693	704	787	793	1608	1609	1610	1611	1612	1662	1663	1664	1665	1666
04342	1408	1792	128	128	0	19	295	303	311	314	686	694	697	705	1613	1614	1615	1616	1617	1667	1668	1669	1670	1671	1711
04343	1280	1920	128	128	0	8	321	329	332	334	391	712	720	725
04344	1408	1920	128	128	0	8	322	330	332	334	391	713	721	725
044	1536	1536	512	512	4	0
0441	1536	1536	256	256	4	0
04411	1536	1536	128	128	0	8	246	254	262	267	637	645	650	658
04412	1664	1536	128	128	0	0
04413	1536	1664	128	128	0	8	275	283	359	362	387	390	666	674
04414	1664	1664	128	128	0	0
0442	1792	1536	256	256	4	0
04421	1792	1536	128	128	0	0
04422	1920	1536	128	128	0	8	247	255	263	268	638	646	651	659
04423	1792	1664	128	128	0	0
04424	1920	1664	128	128	0	8	276	284	286	288	667	675	677	679
0443	1536	1792	256	256	4	0
04431	1536	1792	128	128	0	8	295	303	311	314	686	694	697	705
04432	1664	1792	128	128	0	0
04433	1536	1920	128	128	0	8	322	330	332	334	391	713	721	725
04434	1664	1920	128	128	0	2	334	725
0444	1792	1792	256	256	4	0
04441	1792	1792	128	128	0	0
04442	1920	1792	128	128	0	8	296	304	312	315	687	695	698	706
04443	1792	1920	128	128	0	2	334	725
04444	1920	1920	128	128	0	8	323	331	333	334	714	722	724	725
