0	0	0	3072	3040	4	0
01	0	0	1536	1520	4	0
011	0	0	768	760	0	0
012	768	0	768	760	0	0
013	0	760	768	760	4	0
0131	0	760	384	380	0	0
0132	384	760	384	380	4	0
01321	384	760	192	190	0	0
01322	576	760	192	190	0	0
01323	384	950	192	190	0	2	376	378
01324	576	950	192	190	0	3	375	376	377
0133	0	1140	384	380	0	0
0134	384	1140	384	380	4	0
01341	384	1140	192	190	0	1	378
01342	576	1140	192	190	0	2	374	377
01343	384	1330	192	190	0	1	378
01344	576	1330	192	190	0	1	377
014	768	760	768	760	4	0
0141	768	760	384	380	0	0
0142	1152	760	384	380	4	0
01421	1152	760	192	190	0	0
01422	1344	760	192	190	0	0
01423	1152	950	192	190	0	2	347	348
01424	1344	950	192	190	0	2	347	352
0143	768	1140	384	380	0	0
0144	1152	1140	384	380	4	0
01441	1152	1140	192	190	0	4	348	349	353	354
01442	1344	1140	192	190	0	6	349	350	351	352	353	357
01443	1152	1330	192	190	0	2	354	355
01444	1344	1330	192	190	0	3	355	356	357
02	1536	0	1536	1520	4	0
021	1536	0	768	760	4	0
0211	1536	0	384	380	4	0
02111	1536	0	192	190	0	4	234	254	255	261
02112	1728	0	192	190	0	3	256	257	261
02113	1536	190	192	190	0	2	234	252
02114	1728	190	192	190	0	3	252	253	258
0212	1920	0	384	380	4	0
02121	1920	0	192	190	0	11	233	259	260	261	262	263	264	287	296	297	298
02122	2112	0	192	190	0	6	287	288	289	290	291	298
02123	1920	190	192	190	0	6	233	251	258	283	285	287
02124	2112	190	192	190	0	5	283	287	289	290	291
0213	1536	380	384	380	4	0
02131	1536	380	192	190	0	4	234	247	248	249
02132	1728	380	192	190	0	2	249	250
02133	1536	570	192	190	0	3	234	243	246
02134	1728	570	192	190	0	3	243	244	246
0214	1920	380	384	380	4	0
02141	1920	380	192	190	0	8	233	249	250	278	285	286	306	307
02142	2112	380	192	190	0	2	278	307
02143	1920	570	192	190	0	7	233	244	245	302	304	305	306
02144	2112	570	192	190	0	3	302	304	305
022	2304	0	768	760	4	0
0221	2304	0	384	380	4	0
02211	2304	0	192	190	0	6	290	292	293	294	298	300
02212	2496	0	192	190	0	10	294	295	299	300	301	335	336	337	338	339
02213	2304	190	192	190	0	6	283	284	290	292	293	294
02214	2496	190	192	190	0	7	282	283	294	309	334	336	341
0222	2688	0	384	380	4	0
02221	2688	0	192	190	0	5	329	330	331	332	339
02222	2880	0	192	190	0	9	324	326	327	328	329	332	333	339	340
02223	2688	190	192	190	0	8	315	316	334	341	342	343	344	346
02224	2880	190	192	190	0	10	316	317	318	320	325	327	328	333	334	341
0223	2304	380	384	380	4	0
02231	2304	380	192	190	0	5	278	279	280	307	308
02232	2496	380	192	190	0	10	280	281	282	303	308	309	310	311	312	313
02233	2304	570	192	190	0	1	302
02234	2496	570	192	190	0	2	302	303
0224	2688	380	384	380	4	0
02241	2688	380	192	190	0	6	313	314	315	343	344	345
02242	2880	380	192	190	0	6	318	319	321	322	323	327
02243	2688	570	192	190	0	0
02244	2880	570	192	190	0	0
023	1536	760	768	760	4	0
0231	1536	760	384	380	4	0
02311	1536	760	192	190	0	6	234	239	240	241	242	380
02312	1728	760	192	190	0	1	241
02313	1536	950	192	190	0	8	222	223	226	227	234	237	238	239
02314	1728	950	192	190	0	5	219	221	222	223	237
0232	1920	760	384	380	4	0
02321	1920	760	192	190	0	3	220	233	241
02322	2112	760	192	190	0	0
02323	1920	950	192	190	0	5	138	204	218	219	233
02324	2112	950	192	190	0	2	138	204
0233	1536	1140	384	380	4	0
02331	1536	1140	192	190	0	4	224	225	227	234
02332	1728	1140	192	190	0	2	217	224
02333	1536	1330	192	190	0	5	228	230	231	232	234
02334	1728	1330	192	190	0	5	213	215	228	229	230
0234	1920	1140	384	380	4	0
02341	1920	1140	192	190	0	6	201	203	216	217	224	233
02342	2112	1140	192	190	0	4	200	201	202	203
02343	1920	1330	192	190	0	5	195	213	214	228	233
02344	2112	1330	192	190	0	6	192	194	195	196	197	198
024	2304	760	768	760	4	0
0241	2304	760	384	380	4	0
02411	2304	760	192	190	0	0
02412	2496	760	192	190	0	0
02413	2304	950	192	190	0	1	138
02414	2496	950	192	190	0	2	137	138
0242	2688	760	384	380	0	0
0243	2304	1140	384	380	4	0
02431	2304	1140	192	190	0	0
02432	2496	1140	192	190	0	1	137
02433	2304	1330	192	190	0	3	194	198	199
02434	2496	1330	192	190	0	1	137
0244	2688	1140	384	380	0	0
03	0	1520	1536	1520	4	0
031	0	1520	768	760	4	0
0311	0	1520	384	380	0	0
0312	384	1520	384	380	4	0
03121	384	1520	192	190	0	1	378
03122	576	1520	192	190	0	3	372	373	377
03123	384	1710	192	190	0	2	370	378
03124	576	1710	192	190	0	4	370	371	372	377
0313	0	1900	384	380	0	0
0314	384	1900	384	380	0	0
032	768	1520	768	760	4	0
0321	768	1520	384	380	4	0
03211	768	1520	192	190	0	4	366	367	368	369
03212	960	1520	192	190	0	1	369
03213	768	1710	192	190	0	4	363	364	365	366
03214	960	1710	192	190	0	6	4	111	118	362	363	365
0322	1152	1520	384	380	4	0
03221	1152	1520	192	190	0	2	361	369
03222	1344	1520	192	190	0	4	358	359	360	361
03223	1152	1710	192	190	0	5	111	118	119	362	365
03224	1344	1710	192	190	0	23	111	114	116	118	144	146	147	148	150	151	152	154	155	156	158	159	173	265	266	267	360	362	365
0323	768	1900	384	380	4	0
03231	768	1900	192	190	0	0
03232	960	1900	192	190	0	5	4	105	107	109	111
03233	768	2090	192	190	0	0
03234	960	2090	192	190	0	4	4	100	102	105
0324	1152	1900	384	380	4	0
03241	1152	1900	192	190	0	8	105	107	109	110	111	112	113	157
03242	1344	1900	192	190	0	13	72	105	107	108	111	114	115	117	145	149	153	159	381
03243	1152	2090	192	190	0	3	102	105	106
03244	1344	2090	192	190	0	5	72	102	103	104	105
033	0	2280	768	760	4	0
0331	0	2280	384	380	0	0
0332	384	2280	384	380	0	0
0333	0	2660	384	380	4	0
03331	0	2660	192	190	0	16	21	24	32	33	49	50	51	52	53	54	55	56	57	140	383	384
03332	192	2660	192	190	0	6	23	24	57	141	386	388
03333	0	2850	192	190	0	7	0	19	21	22	24	33	383
03334	192	2850	192	190	0	10	0	6	7	23	24	25	26	27	386	388
0334	384	2660	384	380	4	0
03341	384	2660	192	190	0	8	57	59	142	385	387	388	389	390
03342	576	2660	192	190	0	7	29	58	59	61	390	391	392
03343	384	2850	192	190	0	10	1	6	9	11	12	28	385	388	389	390
03344	576	2850	192	190	0	9	2	11	13	15	16	29	390	391	392
034	768	2280	768	760	4	0
0341	768	2280	384	380	4	0
03411	768	2280	192	190	0	0
03412	960	2280	192	190	0	5	4	94	98	99	100
03413	768	2470	192	190	0	0
03414	960	2470	192	190	0	5	4	85	86	87	94
0342	1152	2280	384	380	4	0
03421	1152	2280	192	190	0	4	94	97	99	101
03422	1344	2280	192	190	0	4	72	94	96	97
03423	1152	2470	192	190	0	5	85	86	88	93	94
03424	1344	2470	192	190	0	8	72	80	88	89	90	92	94	95
0343	768	2660	384	380	4	0
03431	768	2660	192	190	0	6	30	61	63	65	277	392
03432	960	2660	192	190	0	8	4	5	61	77	83	84	85	277
03433	768	2850	192	190	0	11	3	16	17	30	31	45	64	65	66	277	392
03434	960	2850	192	190	0	22	3	4	5	35	36	37	38	39	40	41	42	43	44	46	47	48	62	67	70	77	139	277
0344	1152	2660	384	380	4	0
03441	1152	2660	192	190	0	6	77	81	82	84	85	91
03442	1344	2660	192	190	0	7	72	77	79	80	82	90	143
03443	1152	2850	192	190	0	6	3	67	68	70	74	77
03444	1344	2850	192	190	0	8	70	72	74	75	76	77	78	379
04	1536	1520	1536	1520	4	0
041	1536	1520	768	760	4	0
0411	1536	1520	384	380	4	0
04111	1536	1520	192	190	0	5	210	212	234	235	236
04112	1728	1520	192	190	0	3	210	211	213
04113	1536	1710	192	190	0	14	116	123	161	162	170	171	172	174	175	176	205	234	235	265
04114	1728	1710	192	190	0	7	163	164	165	170	205	206	207
0412	1920	1520	384	380	4	0
04121	1920	1520	192	190	0	6	190	191	209	210	213	233
04122	2112	1520	192	190	0	4	187	190	191	193
04123	1920	1710	192	190	0	12	166	167	168	169	170	180	181	184	207	208	209	233
04124	2112	1710	192	190	0	6	181	182	183	184	185	187
0413	1536	1900	384	380	4	0
04131	1536	1900	192	190	0	6	72	121	122	123	160	382
04132	1728	1900	192	190	0	1	122
04133	1536	2090	192	190	0	1	72
04134	1728	2090	192	190	0	0
0414	1920	1900	384	380	4	0
04141	1920	1900	192	190	0	7	122	124	125	167	177	178	181
04142	2112	1900	192	190	0	5	122	125	126	181	182
04143	1920	2090	192	190	0	0
04144	2112	2090	192	190	0	0
042	2304	1520	768	760	4	0
0421	2304	1520	384	380	4	0
04211	2304	1520	192	190	0	4	188	189	190	193
04212	2496	1520	192	190	0	1	137
04213	2304	1710	192	190	0	5	131	183	185	186	188
04214	2496	1710	192	190	0	7	131	135	136	137	274	275	276
0422	2688	1520	384	380	4	0
04221	2688	1520	192	190	0	0
04222	2880	1520	192	190	0	0
04223	2688	1710	192	190	0	4	271	272	273	276
04224	2880	1710	192	190	0	4	268	269	270	276
0423	2304	1900	384	380	4	0
04231	2304	1900	192	190	0	4	125	126	127	131
04232	2496	1900	192	190	0	10	125	127	128	129	130	131	132	133	134	135
04233	2304	2090	192	190	0	0
04234	2496	2090	192	190	0	0
0424	2688	1900	384	380	4	0
04241	2688	1900	192	190	0	1	134
04242	2880	1900	192	190	0	2	134	268
04243	2688	2090	192	190	0	0
04244	2880	2090	192	190	0	0
043	1536	2280	768	760	4	0
0431	1536	2280	384	380	4	0
04311	1536	2280	192	190	0	1	72
04312	1728	2280	192	190	0	0
04313	1536	2470	192	190	0	1	72
04314	1728	2470	192	190	0	0
0432	1920	2280	384	380	0	0
0433	1536	2660	384	380	4	0
04331	1536	2660	192	190	0	1	72
04332	1728	2660	192	190	0	0
04333	1536	2850	192	190	0	1	72
04334	1728	2850	192	190	0	0
0434	1920	2660	384	380	0	0
044	2304	2280	768	760	0	0
