0	0	0	3072	3040	4	0
01	0	0	1536	1520	4	0
011	0	0	768	760	0	0
012	768	0	768	760	0	0
013	0	760	768	760	4	0
0131	0	760	384	380	0	0
0132	384	760	384	380	4	0
01321	384	760	192	190	0	0
01322	576	760	192	190	0	0
01323	384	950	192	190	0	2	368	370
01324	576	950	192	190	0	3	367	368	369
0133	0	1140	384	380	0	0
0134	384	1140	384	380	4	0
01341	384	1140	192	190	0	1	370
01342	576	1140	192	190	0	3	366	369	411
01343	384	1330	192	190	0	1	370
01344	576	1330	192	190	0	1	369
014	768	760	768	760	4	0
0141	768	760	384	380	0	0
0142	1152	760	384	380	4	0
01421	1152	760	192	190	0	0
01422	1344	760	192	190	0	0
01423	1152	950	192	190	0	2	339	340
01424	1344	950	192	190	0	2	339	344
0143	768	1140	384	380	4	0
01431	768	1140	192	190	0	1	412
01432	960	1140	192	190	0	0
01433	768	1330	192	190	0	0
01434	960	1330	192	190	0	0
0144	1152	1140	384	380	4	0
01441	1152	1140	192	190	0	4	340	341	345	346
01442	1344	1140	192	190	0	7	341	342	343	344	345	349	413
01443	1152	1330	192	190	0	4	346	347	414	415
01444	1344	1330	192	190	0	3	347	348	349
02	1536	0	1536	1520	4	0
021	1536	0	768	760	4	0
0211	1536	0	384	380	4	0
02111	1536	0	192	190	0	5	226	246	247	253	405
02112	1728	0	192	190	0	4	248	249	253	462
02113	1536	190	192	190	0	4	226	244	460	461
02114	1728	190	192	190	0	4	244	245	250	462
0212	1920	0	384	380	4	0
02121	1920	0	192	190	0	13	225	251	252	253	254	255	256	279	288	289	290	404	406
02122	2112	0	192	190	0	7	279	280	281	282	283	290	463
02123	1920	190	192	190	0	7	225	243	250	275	277	279	459
02124	2112	190	192	190	0	5	275	279	281	282	283
0213	1536	380	384	380	4	0
02131	1536	380	192	190	0	5	226	239	240	241	456
02132	1728	380	192	190	0	3	241	242	457
02133	1536	570	192	190	0	3	226	235	238
02134	1728	570	192	190	0	3	235	236	238
0214	1920	380	384	380	4	0
02141	1920	380	192	190	0	9	225	241	242	270	277	278	298	299	458
02142	2112	380	192	190	0	3	270	299	399
02143	1920	570	192	190	0	10	225	236	237	294	296	297	298	396	397	455
02144	2112	570	192	190	0	3	294	296	297
022	2304	0	768	760	4	0
0221	2304	0	384	380	4	0
02211	2304	0	192	190	0	8	282	284	285	286	290	292	464	465
02212	2496	0	192	190	0	13	286	287	291	292	293	327	328	329	330	331	402	403	466
02213	2304	190	192	190	0	6	275	276	282	284	285	286
02214	2496	190	192	190	0	9	274	275	286	301	326	328	333	400	401
0222	2688	0	384	380	4	0
02221	2688	0	192	190	0	8	321	322	323	324	331	467	473	474
02222	2880	0	192	190	0	13	316	318	319	320	321	324	325	331	332	468	469	475	476
02223	2688	190	192	190	0	8	307	308	326	333	334	335	336	338
02224	2880	190	192	190	0	13	308	309	310	312	317	319	320	325	326	333	470	471	472
0223	2304	380	384	380	4	0
02231	2304	380	192	190	0	5	270	271	272	299	300
02232	2496	380	192	190	0	12	272	273	274	295	300	301	302	303	304	305	400	401
02233	2304	570	192	190	0	2	294	398
02234	2496	570	192	190	0	2	294	295
0224	2688	380	384	380	4	0
02241	2688	380	192	190	0	7	305	306	307	335	336	337	477
02242	2880	380	192	190	0	6	310	311	313	314	315	319
02243	2688	570	192	190	0	0
02244	2880	570	192	190	0	0
023	1536	760	768	760	4	0
0231	1536	760	384	380	4	0
02311	1536	760	192	190	0	6	226	231	232	233	234	372
02312	1728	760	192	190	0	2	233	452
02313	1536	950	192	190	0	10	214	215	218	219	226	229	230	231	453	454
02314	1728	950	192	190	0	5	211	213	214	215	229
0232	1920	760	384	380	4	0
02321	1920	760	192	190	0	3	212	225	233
02322	2112	760	192	190	0	0
02323	1920	950	192	190	0	6	133	196	210	211	225	451
02324	2112	950	192	190	0	2	133	196
0233	1536	1140	384	380	4	0
02331	1536	1140	192	190	0	5	216	217	219	226	395
02332	1728	1140	192	190	0	3	209	216	450
02333	1536	1330	192	190	0	5	220	222	223	224	226
02334	1728	1330	192	190	0	5	205	207	220	221	222
0234	1920	1140	384	380	4	0
02341	1920	1140	192	190	0	8	193	195	208	209	216	225	393	394
02342	2112	1140	192	190	0	6	192	193	194	195	448	449
02343	1920	1330	192	190	0	5	187	205	206	220	225
02344	2112	1330	192	190	0	7	184	186	187	188	189	190	447
024	2304	760	768	760	4	0
0241	2304	760	384	380	4	0
02411	2304	760	192	190	0	0
02412	2496	760	192	190	0	0
02413	2304	950	192	190	0	1	133
02414	2496	950	192	190	0	2	132	133
0242	2688	760	384	380	0	0
0243	2304	1140	384	380	4	0
02431	2304	1140	192	190	0	0
02432	2496	1140	192	190	0	1	132
02433	2304	1330	192	190	0	3	186	190	191
02434	2496	1330	192	190	0	1	132
0244	2688	1140	384	380	0	0
03	0	1520	1536	1520	4	0
031	0	1520	768	760	4	0
0311	0	1520	384	380	0	0
0312	384	1520	384	380	4	0
03121	384	1520	192	190	0	1	370
03122	576	1520	192	190	0	4	364	365	369	410
03123	384	1710	192	190	0	2	362	370
03124	576	1710	192	190	0	4	362	363	364	369
0313	0	1900	384	380	0	0
0314	384	1900	384	380	0	0
032	768	1520	768	760	4	0
0321	768	1520	384	380	4	0
03211	768	1520	192	190	0	5	358	359	360	361	409
03212	960	1520	192	190	0	1	361
03213	768	1710	192	190	0	4	355	356	357	358
03214	960	1710	192	190	0	6	4	106	113	354	355	357
0322	1152	1520	384	380	4	0
03221	1152	1520	192	190	0	2	353	361
03222	1344	1520	192	190	0	5	350	351	352	353	408
03223	1152	1710	192	190	0	8	106	113	114	354	357	437	438	439
03224	1344	1710	192	190	0	23	106	109	111	113	136	138	139	140	142	143	144	146	147	148	150	151	165	257	258	259	352	354	357
0323	768	1900	384	380	4	0
03231	768	1900	192	190	0	0
03232	960	1900	192	190	0	5	4	100	102	104	106
03233	768	2090	192	190	0	0
03234	960	2090	192	190	0	5	4	95	97	100	433
0324	1152	1900	384	380	4	0
03241	1152	1900	192	190	0	10	100	102	104	105	106	107	108	149	435	436
03242	1344	1900	192	190	0	13	67	100	102	103	106	109	110	112	137	141	145	151	373
03243	1152	2090	192	190	0	5	97	100	101	432	434
03244	1344	2090	192	190	0	6	67	97	98	99	100	431
033	0	2280	768	760	4	0
0331	0	2280	384	380	0	0
0332	384	2280	384	380	0	0
0333	0	2660	384	380	4	0
03331	0	2660	192	190	0	14	21	23	29	30	46	47	48	49	50	51	52	53	375	376
03332	192	2660	192	190	0	5	22	23	53	378	380
03333	0	2850	192	190	0	9	0	19	21	23	30	375	386	416	417
03334	192	2850	192	190	0	10	0	6	7	22	23	24	378	380	385	387
0334	384	2660	384	380	4	0
03341	384	2660	192	190	0	7	53	55	377	379	380	381	382
03342	576	2660	192	190	0	7	26	54	55	57	382	383	384
03343	384	2850	192	190	0	11	1	6	9	11	12	25	377	380	381	382	418
03344	576	2850	192	190	0	10	2	11	13	15	16	26	382	383	384	419
034	768	2280	768	760	4	0
0341	768	2280	384	380	4	0
03411	768	2280	192	190	0	0
03412	960	2280	192	190	0	5	4	89	93	94	95
03413	768	2470	192	190	0	0
03414	960	2470	192	190	0	5	4	80	81	82	89
0342	1152	2280	384	380	4	0
03421	1152	2280	192	190	0	4	89	92	94	96
03422	1344	2280	192	190	0	5	67	89	91	92	430
03423	1152	2470	192	190	0	5	80	81	83	88	89
03424	1344	2470	192	190	0	9	67	75	83	84	85	87	89	90	429
0343	768	2660	384	380	4	0
03431	768	2660	192	190	0	7	27	57	59	60	269	384	422
03432	960	2660	192	190	0	9	4	5	57	72	78	79	80	269	428
03433	768	2850	192	190	0	13	3	16	17	27	28	42	60	61	269	384	420	421	423
03434	960	2850	192	190	0	23	3	4	5	32	33	34	35	36	37	38	39	40	41	43	44	45	58	62	65	72	134	269	424
0344	1152	2660	384	380	4	0
03441	1152	2660	192	190	0	6	72	76	77	79	80	86
03442	1344	2660	192	190	0	8	67	72	74	75	77	85	135	427
03443	1152	2850	192	190	0	9	3	62	63	65	69	72	424	425	426
03444	1344	2850	192	190	0	8	65	67	69	70	71	72	73	371
04	1536	1520	1536	1520	4	0
041	1536	1520	768	760	4	0
0411	1536	1520	384	380	4	0
04111	1536	1520	192	190	0	6	202	204	226	227	228	407
04112	1728	1520	192	190	0	3	202	203	205
04113	1536	1710	192	190	0	15	111	118	153	154	162	163	164	166	167	168	197	226	227	257	440
04114	1728	1710	192	190	0	9	155	156	157	162	197	198	199	441	442
0412	1920	1520	384	380	4	0
04121	1920	1520	192	190	0	6	182	183	201	202	205	225
04122	2112	1520	192	190	0	6	179	182	183	185	445	446
04123	1920	1710	192	190	0	12	158	159	160	161	162	172	173	176	199	200	201	225
04124	2112	1710	192	190	0	8	173	174	175	176	177	179	443	444
0413	1536	1900	384	380	4	0
04131	1536	1900	192	190	0	7	67	116	117	118	152	374	440
04132	1728	1900	192	190	0	3	117	441	442
04133	1536	2090	192	190	0	1	67
04134	1728	2090	192	190	0	0
0414	1920	1900	384	380	4	0
04141	1920	1900	192	190	0	9	117	119	120	159	169	170	173	388	389
04142	2112	1900	192	190	0	5	117	120	121	173	174
04143	1920	2090	192	190	0	0
04144	2112	2090	192	190	0	0
042	2304	1520	768	760	4	0
0421	2304	1520	384	380	4	0
04211	2304	1520	192	190	0	4	180	181	182	185
04212	2496	1520	192	190	0	1	132
04213	2304	1710	192	190	0	6	126	175	177	178	180	444
04214	2496	1710	192	190	0	7	126	130	131	132	266	267	268
0422	2688	1520	384	380	4	0
04221	2688	1520	192	190	0	0
04222	2880	1520	192	190	0	0
04223	2688	1710	192	190	0	4	263	264	265	268
04224	2880	1710	192	190	0	4	260	261	262	268
0423	2304	1900	384	380	4	0
04231	2304	1900	192	190	0	4	120	121	122	126
04232	2496	1900	192	190	0	12	120	122	123	124	125	126	127	128	129	130	390	391
04233	2304	2090	192	190	0	0
04234	2496	2090	192	190	0	0
0424	2688	1900	384	380	4	0
04241	2688	1900	192	190	0	1	129
04242	2880	1900	192	190	0	3	129	260	392
04243	2688	2090	192	190	0	0
04244	2880	2090	192	190	0	0
043	1536	2280	768	760	4	0
0431	1536	2280	384	380	4	0
04311	1536	2280	192	190	0	1	67
04312	1728	2280	192	190	0	0
04313	1536	2470	192	190	0	1	67
04314	1728	2470	192	190	0	0
0432	1920	2280	384	380	0	0
0433	1536	2660	384	380	4	0
04331	1536	2660	192	190	0	1	67
04332	1728	2660	192	190	0	0
04333	1536	2850	192	190	0	1	67
04334	1728	2850	192	190	0	0
0434	1920	2660	384	380	0	0
044	2304	2280	768	760	0	0
