190	192
16	16
20
0	0	0	0	0	0	0	0	0	0	0	0	0	0	0	0	0	0	0	0	0	0	0	0	0	0	0	0	0	0	0	0	0	0	0	0	0	0	0	0	0	0	0	0	0	0	0	0	0	0	0	0	0	0	0	0	0	0	0	0	0	0	0	0	0	0	0	0	0	0	0	0	0	0	0	0	0	0	0	0	0	0	0	0	0	0	0	0	0	0	0	0	0	0	1	2	3	4	4	5	6	4	4	5	6	4	4	5	6	4	4	5	6	4	4	5	6	4	4	5	6	4	4	5	6	4	4	5	7	7	7	7	7	7	7	7	7	7	7	7	7	7	7	7	7	7	7	7	7	7	7	7	7	7	7	7	7	7	7	7	7	7	7	7	7	7	7	7	7	7	7	7	7	7	7	7	7	7	7	7	7	7	7	7	7	7	7	7	7	7	7	7	
0	0	0	0	0	0	0	0	0	0	0	0	0	0	0	0	0	0	0	0	0	0	0	0	0	0	0	0	0	0	0	0	0	0	0	0	0	0	0	0	0	0	0	0	0	0	0	0	0	0	0	0	0	0	0	0	0	0	0	0	0	0	0	0	0	0	0	0	0	0	0	0	0	0	0	0	0	0	0	0	0	0	0	0	0	0	0	0	0	0	0	0	0	0	8	9	5	10	11	6	5	10	11	6	5	10	11	6	5	10	11	6	5	10	11	6	5	10	11	6	5	10	11	6	5	10	5	6	7	7	12	13	14	15	12	7	13	14	12	13	14	15	12	13	14	15	12	7	13	14	12	13	14	15	12	7	13	14	7	7	7	7	16	17	17	17	17	17	17	17	17	18	19	17	17	18	19	17	17	17	17	17	17	18	19	17	17	17	17	17	7	7	
0	0	0	0	0	0	0	0	0	0	0	0	0	0	0	0	0	0	0	0	0	0	0	0	0	0	0	0	0	0	0	0	0	0	0	0	0	0	0	0	0	0	0	0	0	0	0	0	0	0	0	0	0	0	0	0	0	0	0	0	0	0	0	0	0	0	0	0	0	0	0	0	0	0	0	0	0	0	0	0	0	0	0	0	0	0	0	0	0	0	0	0	0	0	1	2	3	4	4	5	6	4	4	20	6	4	4	20	6	4	4	20	6	4	4	20	6	4	4	20	6	4	4	5	6	4	11	6	7	7	21	15	22	22	21	12	13	23	21	15	22	22	21	15	22	22	21	12	13	23	21	15	22	22	21	12	13	23	7	7	24	7	25	26	26	26	26	26	26	26	26	27	28	26	26	27	28	26	26	26	26	26	26	27	28	26	26	26	26	26	7	24	
0	0	0	0	0	0	0	0	0	0	0	0	0	0	0	0	0	0	0	0	0	0	0	0	0	0	0	0	0	0	0	0	0	0	0	0	0	0	0	0	0	0	0	0	0	0	0	0	0	0	0	0	0	0	0	0	0	0	0	0	0	0	0	0	0	0	0	0	0	0	0	0	0	0	0	0	0	0	0	0	0	0	0	0	0	0	0	0	0	0	0	0	0	0	8	9	5	10	29	30	30	30	30	31	32	33	34	31	32	33	34	31	32	33	34	31	32	33	34	31	29	30	30	30	30	30	35	36	7	7	22	22	22	22	37	15	15	22	22	22	22	22	22	22	22	22	37	15	15	22	22	22	22	22	37	15	15	22	7	7	24	7	25	26	26	26	26	26	26	26	26	27	28	26	26	27	28	26	26	26	26	26	26	27	28	26	26	26	26	26	7	24	
0	0	0	0	0	0	0	0	0	0	0	0	0	0	0	0	0	0	0	0	0	0	0	0	0	0	0	0	0	0	0	0	0	0	0	0	0	0	0	0	0	0	0	0	0	0	0	0	0	0	0	0	0	0	0	0	0	0	0	0	0	0	0	0	0	0	0	0	0	0	0	0	0	0	0	0	0	0	0	0	0	0	0	0	0	0	0	0	0	0	0	0	0	0	1	2	3	4	38	39	39	39	39	40	41	42	43	40	41	42	43	40	41	42	43	40	41	42	43	40	38	39	44	44	44	44	4	5	7	7	22	45	22	22	37	22	45	22	22	45	22	22	22	45	22	22	37	22	45	22	22	45	22	22	37	22	45	22	7	7	7	7	25	26	26	26	26	26	26	26	46	47	48	49	46	47	48	49	26	26	26	26	46	47	48	49	26	26	26	26	7	7	
0	0	0	0	0	0	0	0	0	0	0	0	0	0	0	0	0	0	0	0	0	0	0	0	0	0	0	0	0	0	0	0	0	0	0	0	0	0	0	0	0	0	0	0	0	0	0	0	0	0	0	0	0	0	0	0	0	0	0	0	0	0	0	0	0	0	0	0	0	0	0	0	0	0	0	0	0	0	0	0	0	0	0	0	0	0	0	0	0	0	0	0	0	0	8	9	5	10	38	39	39	39	39	40	38	39	39	40	38	39	39	40	38	39	39	40	38	39	39	40	38	39	11	6	5	10	11	6	7	7	45	50	22	22	51	50	52	53	22	50	52	53	45	50	22	22	51	50	52	53	45	50	22	22	51	50	52	53	7	7	7	7	25	26	26	26	26	26	26	26	7	7	7	7	7	54	54	7	7	54	54	7	7	7	7	7	55	26	26	26	7	7	
0	0	0	0	0	0	0	0	0	0	0	0	0	0	0	0	0	0	0	0	0	0	0	0	0	0	0	0	0	0	0	0	0	0	0	0	0	0	0	0	0	0	0	0	0	0	0	0	0	0	0	0	0	0	0	0	0	0	0	0	0	0	0	0	0	0	0	0	0	0	0	0	0	0	0	0	0	0	0	0	0	0	0	0	0	0	0	0	0	0	0	0	0	0	1	2	3	4	38	39	56	57	39	40	38	39	39	40	38	39	39	40	38	39	39	40	38	39	39	40	38	39	4	5	58	59	4	5	7	7	52	60	53	50	52	61	60	52	52	61	60	52	52	60	53	50	52	61	60	52	52	60	53	50	52	61	60	52	7	7	24	7	25	26	26	26	26	26	7	7	7	24	24	7	7	7	7	7	7	7	7	7	7	24	24	7	7	7	26	26	7	24	
0	0	0	0	0	0	0	0	0	0	0	0	0	0	0	0	0	0	0	0	0	0	0	0	0	0	0	0	0	0	0	0	0	0	0	0	0	0	0	0	0	0	0	0	0	0	0	0	0	0	0	0	0	0	0	0	0	0	0	0	0	0	0	0	0	0	0	0	0	0	0	0	0	0	0	0	0	0	0	0	0	0	0	0	0	0	0	0	0	0	0	0	0	0	8	9	5	10	38	62	63	64	39	40	38	39	39	40	38	39	39	40	38	39	39	40	38	39	39	40	38	39	30	30	65	66	11	6	7	7	67	68	52	61	60	61	60	61	60	61	60	61	60	60	52	61	60	61	60	61	60	60	52	61	60	61	69	70	7	7	24	7	67	68	26	26	26	26	71	17	7	24	24	7	7	24	24	7	7	24	24	7	7	24	24	7	16	17	26	26	7	24	
0	0	0	0	0	0	0	0	0	0	0	0	0	0	0	0	0	0	0	0	0	0	0	0	0	0	0	0	0	0	0	0	0	0	0	0	0	0	0	0	0	0	0	0	0	0	0	0	0	0	0	0	0	0	0	0	0	0	0	0	0	0	0	0	0	0	0	0	0	0	0	0	0	0	0	0	0	0	0	0	0	0	0	0	0	0	0	0	0	0	0	0	0	0	1	2	3	4	72	73	74	75	39	40	38	39	39	40	38	39	44	76	72	44	39	40	38	39	39	40	38	39	44	44	77	78	4	5	7	7	79	80	60	60	61	60	61	60	61	60	61	60	60	61	60	60	61	60	61	60	60	61	60	60	61	60	81	82	7	7	7	7	79	80	26	26	26	26	26	26	7	7	7	7	7	7	7	7	7	7	7	7	7	7	7	7	25	26	26	26	7	7	
0	0	0	0	0	0	0	0	0	0	0	0	0	0	0	0	0	0	0	0	0	0	0	0	0	0	0	0	0	0	0	0	0	0	0	0	0	0	0	0	0	0	0	0	0	0	0	0	0	0	0	0	0	0	0	0	0	0	0	0	0	0	0	0	0	0	0	0	0	0	0	0	0	0	0	0	0	0	0	0	0	0	0	0	0	0	0	0	0	0	0	0	0	0	8	9	5	10	11	73	5	10	83	40	38	39	39	40	38	39	11	6	5	10	83	40	38	39	39	40	38	39	11	6	5	10	11	6	7	7	84	85	84	85	86	86	86	86	84	85	84	85	86	86	86	86	84	85	84	85	86	86	86	86	84	85	84	85	7	7	7	7	7	7	7	7	55	26	26	26	17	18	19	17	17	17	17	17	17	18	19	17	7	7	7	7	25	26	26	26	7	7	
0	0	0	0	0	0	0	0	0	0	0	0	0	0	0	0	0	0	0	0	0	0	0	0	0	0	0	0	0	0	0	0	0	0	0	0	0	0	0	0	0	0	0	0	0	0	0	0	0	0	0	0	0	0	0	0	0	0	0	0	0	0	0	0	0	0	0	0	0	0	0	0	0	0	0	0	0	0	0	0	0	0	0	0	0	0	0	0	0	0	0	0	0	0	1	2	3	4	4	73	6	4	38	40	38	39	39	40	38	39	4	20	6	4	38	40	38	39	39	40	38	39	4	20	6	4	4	5	7	7	7	7	7	7	87	87	87	87	7	7	7	7	87	87	87	87	7	7	7	7	87	87	87	87	7	7	7	7	7	7	24	7	7	24	24	7	7	7	26	26	26	27	28	26	26	26	26	26	26	27	28	26	7	24	24	7	25	26	7	7	7	24	
0	0	0	0	0	0	0	0	0	0	0	0	0	0	0	0	0	0	0	0	0	0	0	0	0	0	0	0	0	0	0	0	0	0	0	0	0	0	0	0	0	0	0	0	0	0	0	0	0	0	0	0	0	0	0	0	0	0	0	0	0	0	0	0	0	0	0	0	0	0	0	0	0	0	0	0	0	0	0	0	0	0	0	0	0	0	0	0	0	0	0	0	0	0	8	9	5	10	29	73	29	30	88	40	38	39	39	40	38	39	30	31	29	30	88	40	38	89	39	40	38	89	30	31	32	33	11	6	7	7	7	7	7	7	84	85	84	85	7	7	7	7	84	85	84	85	7	7	7	7	84	85	84	85	7	7	7	7	7	7	24	7	7	24	24	7	16	17	26	26	26	27	28	26	26	26	26	26	26	27	28	26	7	24	24	7	25	26	71	17	7	24	
0	0	0	0	0	0	0	0	0	0	0	0	0	0	0	0	0	0	0	0	0	0	0	0	0	0	0	0	0	0	0	0	0	0	0	0	0	0	0	0	0	0	0	0	0	0	0	0	0	0	0	0	0	0	0	0	0	0	0	0	0	0	0	0	0	0	0	0	0	0	0	0	0	0	0	0	0	0	0	0	0	0	0	0	0	0	0	0	0	0	0	0	0	0	1	2	3	4	38	73	38	39	39	40	38	39	39	40	38	39	39	40	38	39	44	90	72	91	44	90	72	91	39	40	41	42	4	5	7	7	7	7	7	7	7	7	7	7	7	7	7	7	7	7	7	7	7	7	7	7	7	7	7	7	7	7	7	7	7	7	7	7	7	7	7	7	25	26	26	26	46	47	48	49	26	26	26	26	46	47	48	49	7	7	7	7	25	26	26	26	7	7	
0	0	0	0	0	0	0	0	0	0	0	0	0	0	0	0	0	0	0	0	0	0	0	0	0	0	0	0	0	0	0	0	0	0	0	0	0	0	0	0	0	0	0	0	0	0	0	0	0	0	0	0	0	0	0	0	0	0	0	0	0	0	0	0	0	0	0	0	0	0	0	0	0	0	0	0	0	0	0	0	0	0	0	0	0	0	0	0	0	0	0	0	0	0	8	9	5	10	38	73	38	39	39	40	38	39	39	40	38	39	39	40	38	39	11	6	5	10	11	6	5	10	83	40	38	39	11	6	7	7	7	7	7	7	7	7	7	7	7	7	7	7	7	7	7	7	7	7	7	7	7	7	7	7	7	7	7	7	7	7	7	7	7	7	7	7	7	7	7	7	7	7	7	7	7	7	7	7	7	7	7	7	7	7	7	7	55	26	26	26	7	7	
0	0	0	0	0	0	0	0	0	0	0	0	0	0	0	0	0	0	0	0	0	0	0	0	0	0	0	0	0	0	0	0	0	0	0	0	0	0	0	0	0	0	0	0	0	0	0	0	0	0	0	0	0	0	0	0	0	0	0	0	0	0	0	0	0	0	0	0	0	0	0	0	0	0	0	0	0	0	0	0	0	0	0	0	0	0	0	0	0	0	0	0	0	0	1	2	3	4	38	73	38	39	39	40	38	39	39	40	38	39	39	40	38	39	4	20	6	4	4	20	6	4	38	40	38	39	4	5	7	7	7	7	7	7	7	7	7	7	7	7	7	7	7	7	7	7	7	7	7	7	7	7	7	7	7	7	7	7	7	24	24	7	7	24	24	7	7	24	24	7	7	24	24	7	7	24	24	7	7	24	24	7	7	24	24	7	7	7	26	26	7	24	
0	0	0	0	0	0	0	0	0	0	0	0	0	0	0	0	0	0	0	0	0	0	0	0	0	0	0	0	0	0	0	0	0	0	0	0	0	0	0	0	0	0	0	0	0	0	0	0	0	0	0	0	0	0	0	0	0	0	0	0	0	0	0	0	0	0	0	0	0	0	0	0	0	0	0	0	0	0	0	0	0	0	0	0	0	0	0	0	0	0	0	0	0	0	8	9	5	10	38	73	38	39	39	40	38	39	39	40	38	39	39	40	38	89	30	31	32	33	34	31	29	30	88	40	38	39	11	6	7	7	7	7	7	7	7	7	7	7	7	7	7	7	7	7	7	7	7	7	7	7	7	7	7	7	7	7	7	7	7	24	24	7	7	24	24	7	7	24	24	7	7	24	24	7	7	24	24	7	7	24	24	7	7	24	24	7	16	17	26	26	7	24	
0	0	0	0	0	0	0	0	0	0	0	0	0	0	0	0	0	0	0	0	0	0	0	0	0	0	0	0	0	0	0	0	0	0	0	0	0	0	0	0	0	0	0	0	0	0	0	0	0	0	0	0	0	0	0	0	0	0	0	0	0	0	0	0	0	0	0	0	0	0	0	0	0	0	0	0	0	0	0	0	0	0	0	0	0	0	0	0	0	0	0	0	0	0	1	2	3	4	38	73	38	39	39	40	38	39	39	40	38	39	44	90	72	91	39	40	41	42	43	40	38	39	39	40	38	39	4	5	7	7	7	7	7	7	7	7	7	7	7	7	7	7	7	7	7	7	7	7	7	7	7	7	7	7	7	7	7	7	7	7	7	7	7	7	7	7	7	7	7	7	7	7	7	7	7	7	7	7	7	7	7	7	7	7	7	7	25	26	26	26	7	7	
0	0	0	0	0	0	0	0	0	0	0	0	0	0	0	0	0	0	0	0	0	0	0	0	0	0	0	0	0	0	0	0	0	0	0	0	0	0	0	0	0	0	0	0	0	0	0	0	0	0	0	0	0	0	0	0	0	0	0	0	0	0	0	0	0	0	0	0	0	0	0	0	0	0	0	0	0	0	0	0	0	0	0	0	0	0	0	0	0	0	0	0	0	0	8	9	5	10	38	73	38	39	39	40	38	39	39	40	38	39	11	6	5	10	83	40	38	39	39	40	38	39	39	40	38	39	11	6	7	7	7	7	7	7	7	7	7	7	7	7	7	7	7	7	7	7	7	7	7	7	7	7	7	7	7	7	7	7	7	7	7	7	16	17	17	17	17	17	17	17	7	7	7	7	16	17	17	17	17	18	19	17	17	17	17	17	92	26	26	26	7	7	
0	0	0	0	0	0	0	0	0	0	0	0	0	0	0	0	0	0	0	0	0	0	0	0	0	0	0	0	0	0	0	0	0	0	0	0	0	0	0	0	0	0	0	0	0	0	0	0	0	0	0	0	0	0	0	0	0	0	0	0	0	0	0	0	0	0	0	0	0	0	0	0	0	0	0	0	0	0	0	0	0	0	0	0	0	0	0	0	0	0	0	0	0	0	1	2	3	4	38	73	38	39	39	40	38	39	39	40	38	39	4	5	6	4	38	40	38	39	39	40	38	39	39	40	38	39	4	5	7	7	93	94	93	94	93	94	93	94	93	94	93	94	93	94	93	94	93	94	93	94	93	94	93	94	93	94	93	94	7	7	24	7	25	26	26	26	26	26	26	26	7	24	24	7	25	26	95	26	26	27	28	26	26	26	26	26	26	26	7	7	7	96	
0	0	0	0	0	0	0	0	0	0	0	0	0	0	0	0	0	0	0	0	0	0	0	0	0	0	0	0	0	0	0	0	0	0	0	0	0	0	0	0	0	0	0	0	0	0	0	0	0	0	0	0	0	0	0	0	0	0	0	0	0	0	0	0	0	0	0	0	0	0	0	0	0	0	0	0	0	0	0	0	0	0	0	0	0	0	0	0	0	0	0	0	0	0	8	9	5	10	38	73	38	89	39	40	38	89	39	40	38	89	30	30	30	30	88	40	38	89	39	40	38	39	39	40	38	89	11	6	7	7	97	97	97	97	97	98	99	100	97	98	99	100	97	98	99	100	97	98	99	100	97	98	99	100	97	98	99	100	7	7	24	7	25	26	26	26	26	26	26	26	7	24	24	7	25	26	26	26	26	27	28	26	26	26	26	26	26	26	71	17	7	24	
0	0	0	0	0	0	0	0	0	0	0	0	0	0	0	0	0	0	0	0	0	0	0	0	0	0	0	0	0	0	0	0	0	0	0	0	0	0	0	0	0	0	0	0	0	0	0	0	0	0	0	0	0	0	0	0	0	0	0	0	0	0	0	0	0	0	0	0	0	0	0	0	0	0	0	0	0	0	0	0	0	0	0	0	0	0	0	0	0	0	0	0	0	0	1	2	3	4	72	101	72	91	102	103	104	105	44	90	72	91	44	44	44	44	44	90	72	91	39	40	38	39	44	90	72	91	4	5	7	7	97	97	106	107	107	107	108	97	106	107	108	97	106	107	108	97	106	107	108	97	106	107	108	97	106	107	108	97	7	7	7	7	25	26	26	26	26	26	26	26	7	7	7	7	25	26	26	26	46	47	48	49	26	26	26	26	26	26	26	26	7	7	
0	0	0	0	0	0	0	0	0	0	0	0	0	0	0	0	0	0	0	0	0	0	0	0	0	0	0	0	0	0	0	0	0	0	0	0	0	0	0	0	0	0	0	0	0	0	0	0	0	0	0	0	0	0	0	0	0	0	0	0	0	0	0	0	0	0	0	0	0	0	0	0	0	0	0	0	0	0	0	0	0	0	0	0	0	0	0	0	0	0	0	0	0	0	8	9	5	10	11	6	5	10	109	110	110	109	11	6	5	10	11	6	5	10	11	6	5	10	83	40	38	39	11	6	5	10	11	6	7	7	97	97	111	112	112	112	113	97	111	112	113	97	111	112	113	97	111	112	113	97	111	112	113	97	111	112	113	97	7	7	7	7	25	26	26	26	26	26	26	26	7	7	7	7	55	26	26	26	7	7	7	7	7	54	54	7	55	26	26	26	7	7	
0	0	0	0	0	0	0	0	0	0	0	0	0	0	0	0	0	0	0	0	0	0	0	0	0	0	0	0	0	0	0	0	0	0	0	0	0	0	0	0	0	0	0	0	0	0	0	0	0	0	0	0	0	0	0	0	0	0	0	0	0	0	0	0	0	0	0	0	0	0	0	0	0	0	0	0	0	0	0	0	0	0	0	0	0	0	0	0	0	0	0	0	0	0	1	2	3	4	4	20	6	4	4	20	6	4	4	20	6	4	4	20	6	4	4	20	6	4	38	40	38	39	4	20	6	4	4	5	7	7	97	97	111	112	112	112	113	97	111	112	113	97	111	112	113	97	111	112	113	97	111	112	113	97	111	112	113	97	7	7	24	7	25	26	26	26	26	26	7	7	7	24	24	7	7	7	26	26	7	24	24	7	7	7	7	7	7	7	26	26	7	24	
0	0	0	0	0	0	0	0	0	0	0	0	0	0	0	0	0	0	0	0	0	0	0	0	0	0	0	0	0	0	0	0	0	0	0	0	0	0	0	0	0	0	0	0	0	0	0	0	0	0	0	0	0	0	0	0	0	0	0	0	0	0	0	0	0	0	0	0	0	0	0	0	0	0	0	0	0	0	0	0	0	0	0	0	0	0	0	0	0	0	0	0	0	0	8	9	5	10	29	31	32	33	34	31	32	33	34	31	32	33	34	31	32	33	34	31	29	30	88	40	38	89	30	31	32	33	11	6	7	7	97	97	111	112	112	112	113	97	111	112	113	97	111	112	113	97	111	112	113	97	111	112	113	97	111	112	69	70	7	7	24	7	67	68	26	26	26	26	71	17	7	24	24	7	16	17	26	26	7	24	24	7	7	24	24	7	16	17	26	26	7	24	
0	0	0	0	0	0	0	0	0	0	0	0	0	0	0	0	0	0	0	0	0	0	0	0	0	0	0	0	0	0	0	0	0	0	0	0	0	0	0	0	0	0	0	0	0	0	0	0	0	0	0	0	0	0	0	0	0	0	0	0	0	0	0	0	0	0	0	0	0	0	0	0	0	0	0	0	0	0	0	0	0	0	0	0	0	0	0	0	0	0	0	0	0	0	1	2	3	4	38	40	41	42	43	40	41	42	43	40	41	42	43	40	41	42	43	40	38	39	44	90	72	91	39	40	41	42	4	5	7	7	97	97	111	112	112	112	113	97	111	112	113	97	111	112	113	97	111	112	113	97	111	112	113	97	111	112	81	82	7	7	7	7	79	80	26	26	26	26	26	26	7	7	7	7	25	26	26	26	7	7	7	7	7	7	7	7	25	26	26	26	7	7	
0	0	0	0	0	0	0	0	0	0	0	0	0	0	0	0	0	0	0	0	0	0	0	0	0	0	0	0	0	0	0	0	0	0	0	0	0	0	0	0	0	0	0	0	0	0	0	0	0	0	0	0	0	0	0	0	0	0	0	0	0	0	0	0	0	0	0	0	0	0	0	0	0	0	0	0	0	0	0	0	0	0	0	0	0	0	0	0	0	0	0	0	0	0	8	9	5	10	38	40	38	39	39	40	38	39	39	40	38	39	39	40	38	39	39	40	38	39	11	6	5	10	83	40	38	39	11	6	7	7	97	97	114	115	112	116	113	97	111	116	113	97	111	116	113	97	111	116	113	97	111	116	113	97	93	94	7	7	7	7	7	7	7	7	7	7	55	26	26	26	17	18	19	17	92	26	26	26	7	7	7	7	117	118	119	120	92	26	26	26	7	7	
0	0	0	0	0	0	0	0	0	0	0	0	0	0	0	0	0	0	0	0	0	0	0	0	0	0	0	0	0	0	0	0	0	0	0	0	0	0	0	0	0	0	0	0	0	0	0	0	0	0	0	0	0	0	0	0	0	0	0	0	0	0	0	0	0	0	0	0	0	0	0	0	0	0	0	0	0	0	0	0	0	0	0	0	0	0	0	0	0	0	0	0	0	0	1	2	3	4	38	40	38	39	39	40	38	39	39	40	38	39	39	40	38	39	39	40	38	39	4	5	6	4	38	40	38	39	4	121	7	7	97	97	122	123	112	124	125	97	111	124	125	97	111	124	125	97	111	124	125	97	111	124	125	97	7	7	7	7	7	7	24	7	7	24	24	7	7	7	26	26	26	27	28	26	26	26	7	7	7	24	24	7	26	126	127	128	26	26	7	7	7	24	
0	0	0	0	0	0	0	0	0	0	0	0	0	0	0	0	0	0	0	0	0	0	0	0	0	0	0	0	0	0	0	0	0	0	0	0	0	0	0	0	0	0	0	0	0	0	0	0	0	0	0	0	0	0	0	0	0	0	0	0	0	0	0	0	0	0	0	0	0	0	0	0	0	0	0	0	0	0	0	0	0	0	0	0	0	0	0	0	0	0	0	0	0	0	8	9	5	10	38	40	38	89	39	40	38	39	39	40	38	89	39	40	38	89	39	40	38	89	30	30	30	30	88	40	38	89	11	129	7	7	93	94	93	94	93	94	93	94	93	94	93	94	93	94	93	94	93	94	93	94	93	94	93	94	7	7	7	7	7	7	24	7	7	24	24	7	16	17	26	26	26	27	28	26	26	26	71	17	7	24	24	7	130	131	127	128	26	26	71	17	7	24	
0	0	0	0	0	0	0	0	0	0	0	0	0	0	0	0	0	0	0	0	0	0	0	0	0	0	0	0	0	0	0	0	0	0	0	0	0	0	0	0	0	0	0	0	0	0	0	0	0	0	0	0	0	0	0	0	0	0	0	0	0	0	0	0	0	0	0	0	0	0	0	0	0	0	0	0	0	0	0	0	0	0	0	0	0	0	0	0	0	0	0	0	0	0	1	2	3	4	72	90	72	91	39	40	38	39	44	90	72	91	102	103	104	105	44	90	72	91	44	44	44	44	44	90	72	91	4	121	7	7	7	7	7	7	7	7	7	7	7	7	7	7	7	7	7	7	7	7	7	7	7	7	7	7	7	7	7	7	7	7	7	7	7	7	7	7	25	26	26	26	46	47	48	49	26	26	26	26	7	7	7	7	132	133	134	135	26	26	26	26	7	7	
0	0	0	0	0	0	0	0	0	0	0	0	0	0	0	0	0	0	0	0	0	0	0	0	0	0	0	0	0	0	0	0	0	0	0	0	0	0	0	0	0	0	0	0	0	0	0	0	0	0	0	0	0	0	0	0	0	0	0	0	0	0	0	0	0	0	0	0	0	0	0	0	0	0	0	0	0	0	0	0	0	0	0	0	0	0	0	0	0	0	0	0	0	0	8	9	5	10	11	6	5	10	83	40	38	39	11	6	5	10	109	110	110	109	11	6	5	10	11	6	5	10	11	6	5	10	11	129	7	136	136	7	7	136	136	7	7	136	136	7	7	136	136	7	7	136	136	7	7	136	136	7	7	136	136	7	7	136	136	7	7	7	7	7	7	7	7	54	54	7	7	7	7	7	7	54	54	7	7	7	7	7	137	138	7	7	7	7	7	7	7	7	
0	0	0	0	0	0	0	0	0	0	0	0	0	0	0	0	0	0	0	0	0	0	0	0	0	0	0	0	0	0	0	0	0	0	0	0	0	0	0	0	0	0	0	0	0	0	0	0	0	0	0	0	0	0	0	0	0	0	0	0	0	0	0	0	0	0	0	0	0	0	0	0	0	0	0	0	0	0	0	0	0	0	0	0	0	0	0	0	0	0	0	0	0	0	1	2	3	4	4	20	6	4	38	40	38	39	4	20	6	4	4	20	6	4	4	20	6	4	4	20	6	4	4	20	6	4	4	5	6	4	4	5	6	4	4	5	6	4	4	5	6	4	4	5	6	4	4	5	6	4	4	5	6	4	4	5	6	4	4	5	24	7	7	24	24	7	7	7	7	7	7	24	24	7	7	7	7	7	7	24	24	7	7	24	24	7	7	24	24	7	7	24	
0	0	0	0	0	0	0	0	0	0	0	0	0	0	0	0	0	0	0	0	0	0	0	0	0	0	0	0	0	0	0	0	0	0	0	0	0	0	0	0	0	0	0	0	0	0	0	0	0	0	0	0	0	0	0	0	0	0	0	0	0	0	0	0	0	0	0	0	0	0	0	0	0	0	0	0	0	0	0	0	0	0	0	0	0	0	0	0	0	0	0	0	0	0	8	9	5	10	29	31	29	30	88	40	38	89	30	31	32	33	34	31	32	33	34	31	32	33	34	31	32	33	34	31	32	33	11	6	5	10	11	6	5	10	11	6	5	10	11	6	5	10	11	6	5	10	11	6	5	10	11	6	5	10	11	6	5	10	11	6	24	7	7	24	24	7	7	24	24	7	7	24	24	7	7	24	24	7	7	24	24	7	7	24	24	7	7	24	24	7	7	24	
0	0	0	0	0	0	0	0	0	0	0	0	0	0	0	0	0	0	0	0	0	0	0	0	0	0	0	0	0	0	0	0	0	0	0	0	0	0	0	0	0	0	0	0	0	0	0	0	0	0	0	0	0	0	0	0	0	0	0	0	0	0	0	0	0	0	0	0	0	0	0	0	0	0	0	0	0	0	0	0	0	0	0	0	0	0	0	0	0	0	0	0	0	0	1	2	3	4	38	40	38	39	44	90	72	91	39	40	41	42	43	40	41	42	43	40	41	42	43	40	41	42	43	40	41	42	4	5	6	4	4	5	6	4	4	5	6	4	4	5	6	4	4	5	6	4	4	5	6	4	4	5	6	4	4	5	6	4	4	5	139	139	139	139	139	139	139	139	139	139	139	139	139	139	139	139	139	139	139	139	139	139	139	139	139	139	139	139	139	139	139	139	
0	0	0	0	0	0	0	0	0	0	0	0	0	0	0	0	0	0	0	0	0	0	0	0	0	0	0	0	0	0	0	0	0	0	0	0	0	0	0	0	0	0	0	0	0	0	0	0	0	0	0	0	0	0	0	0	0	0	0	0	0	0	0	0	0	0	0	0	0	0	0	0	0	0	0	0	0	0	0	0	0	0	0	0	0	0	0	0	0	0	0	0	0	0	8	9	5	10	38	40	38	39	11	6	5	10	83	40	38	39	39	40	38	39	39	40	38	39	39	40	38	39	39	40	38	39	11	6	5	10	11	6	5	10	11	6	5	10	11	6	5	10	11	6	5	10	11	6	5	10	11	6	5	10	11	6	5	10	11	6	0	0	0	0	0	0	0	0	0	0	0	0	0	0	0	0	0	0	0	0	0	0	0	0	0	0	0	0	0	0	0	0	
0	0	0	0	0	0	0	0	0	0	0	0	0	0	0	0	0	0	0	0	0	0	0	0	0	0	0	0	0	0	0	0	0	0	0	0	0	0	0	0	0	0	0	0	0	0	0	0	0	0	0	0	0	0	0	0	0	0	0	0	0	0	0	0	0	0	0	0	0	0	0	0	0	0	0	0	0	0	0	0	0	0	0	0	0	0	0	0	0	0	0	0	0	0	1	2	3	4	38	40	38	39	4	5	6	4	38	40	38	39	39	40	38	39	39	40	38	39	39	40	38	39	39	40	38	39	4	5	6	4	4	5	6	4	4	20	6	4	4	20	6	4	4	20	6	4	4	20	6	4	4	20	6	4	4	20	6	4	4	5	0	0	0	0	0	0	0	0	0	0	0	0	0	0	0	0	0	0	0	0	0	0	0	0	0	0	0	0	0	0	0	0	
0	0	0	0	0	0	0	0	0	0	0	0	0	0	0	0	0	0	0	0	0	0	0	0	0	0	0	0	0	0	0	0	0	0	0	0	0	0	0	0	0	0	0	0	0	0	0	0	0	0	0	0	0	0	0	0	0	0	0	0	0	0	0	0	0	0	0	0	0	0	0	0	0	0	0	0	0	0	0	0	0	0	0	0	0	0	0	0	0	0	0	0	0	0	8	9	5	10	38	40	38	89	30	30	30	30	88	40	38	89	39	40	38	89	39	40	38	39	39	40	38	39	39	40	38	89	11	6	5	10	29	30	30	30	30	31	32	33	34	31	32	33	34	31	32	33	34	31	32	33	34	31	32	33	34	31	32	33	11	6	0	0	0	0	0	0	0	0	0	0	0	0	0	0	0	0	0	0	0	0	0	0	0	0	0	0	0	0	0	0	0	0	
0	0	0	0	0	0	0	0	0	0	0	0	0	0	0	0	0	0	0	0	0	0	0	0	0	0	0	0	0	0	0	0	0	0	0	0	0	0	0	0	0	0	0	0	0	0	0	0	0	0	0	0	0	0	0	0	0	0	0	0	0	0	0	0	0	0	0	0	0	0	0	0	0	0	0	0	0	0	0	0	0	0	0	0	0	0	0	0	0	0	0	0	0	0	1	2	3	4	72	90	72	91	44	44	44	44	44	90	72	91	44	90	72	91	39	40	38	39	39	40	38	39	44	90	72	91	4	5	6	4	72	44	44	44	39	40	41	42	43	40	41	42	43	40	41	42	43	40	41	42	43	40	41	42	43	40	41	42	4	5	0	0	0	0	0	0	0	0	0	0	0	0	0	0	0	0	0	0	0	0	0	0	0	0	0	0	0	0	0	0	0	0	
0	0	0	0	0	0	0	0	0	0	0	0	0	0	0	0	0	0	0	0	0	0	0	0	0	0	0	0	0	0	0	0	0	0	0	0	0	0	0	0	0	0	0	0	0	0	0	0	0	0	0	0	0	0	0	0	0	0	0	0	0	0	0	0	0	0	0	0	0	0	0	0	0	0	0	0	0	0	0	0	0	0	0	0	0	0	0	0	0	0	0	0	0	0	8	9	5	10	11	6	5	10	11	6	5	10	11	6	5	10	11	6	5	10	83	40	38	39	39	40	38	39	11	6	5	10	11	6	5	10	11	6	5	10	83	40	38	39	39	40	38	39	39	40	38	39	39	40	38	39	39	40	38	39	39	40	38	39	11	6	0	0	0	0	0	0	0	0	0	0	0	0	0	0	0	0	0	0	0	0	0	0	0	0	0	0	0	0	0	0	0	0	
0	0	0	0	0	0	0	0	0	0	0	0	0	0	0	0	0	0	0	0	0	0	0	0	0	0	0	0	0	0	0	0	0	0	0	0	0	0	0	0	0	0	0	0	0	0	0	0	0	0	0	0	0	0	0	0	0	0	0	0	0	0	0	0	0	0	0	0	0	0	0	0	0	0	0	0	0	0	0	0	0	0	0	0	0	0	0	0	0	0	0	0	0	0	1	2	3	4	4	20	6	4	4	20	6	4	4	20	6	4	4	20	6	4	38	40	38	39	39	40	38	39	4	5	58	59	4	5	6	4	140	141	6	4	38	40	38	39	39	40	38	39	39	40	38	39	39	40	38	39	39	40	38	39	39	40	38	39	4	5	0	0	0	0	0	0	0	0	0	0	0	0	0	0	0	0	0	0	0	0	0	0	0	0	0	0	0	0	0	0	0	0	
0	0	0	0	0	0	0	0	0	0	0	0	0	0	0	0	0	0	0	0	0	0	0	0	0	0	0	0	0	0	0	0	0	0	0	0	0	0	0	0	0	0	0	0	0	0	0	0	0	0	0	0	0	0	0	0	0	0	0	0	0	0	0	0	0	0	0	0	0	0	0	0	0	0	0	0	0	0	0	0	0	0	0	0	0	0	0	0	0	0	0	0	0	0	8	9	5	10	29	31	32	33	34	31	32	33	34	31	32	33	34	31	29	30	88	40	38	89	39	40	38	89	30	30	65	66	11	6	5	10	142	143	29	30	88	40	38	39	39	40	38	39	39	40	38	39	39	40	38	39	39	40	38	39	39	40	38	39	11	6	0	0	0	0	0	0	0	0	0	0	0	0	0	0	0	0	0	0	0	0	0	0	0	0	0	0	0	0	0	0	0	0	
0	0	0	0	0	0	0	0	0	0	0	0	0	0	0	0	0	0	0	0	0	0	0	0	0	0	0	0	0	0	0	0	0	0	0	0	0	0	0	0	0	0	0	0	0	0	0	0	0	0	0	0	0	0	0	0	0	0	0	0	0	0	0	0	0	0	0	0	0	0	0	0	0	0	0	0	0	0	0	0	0	0	0	0	0	0	0	0	0	0	0	0	0	0	1	2	3	4	38	40	41	42	43	40	41	42	43	40	41	42	43	40	38	39	44	90	72	91	44	90	72	91	44	44	77	78	4	5	6	4	144	145	72	44	39	40	38	39	39	40	38	39	39	40	38	39	39	40	38	39	39	40	38	39	39	40	38	39	4	5	0	0	0	0	0	0	0	0	0	0	0	0	0	0	0	0	0	0	0	0	0	0	0	0	0	0	0	0	0	0	0	0	
0	0	0	0	0	0	0	0	0	0	0	0	0	0	0	0	0	0	0	0	0	0	0	0	0	0	0	0	0	0	0	0	0	0	0	0	0	0	0	0	0	0	0	0	0	0	0	0	0	0	0	0	0	0	0	0	0	0	0	0	0	0	0	0	0	0	0	0	0	0	0	0	0	0	0	0	0	0	0	0	0	0	0	0	0	0	0	0	0	0	0	0	0	0	8	9	5	10	38	40	38	39	39	40	38	39	39	40	38	39	39	40	38	39	11	6	5	10	11	6	5	10	11	6	5	10	11	6	5	10	11	6	5	10	83	40	38	39	39	40	38	39	39	40	38	39	39	40	38	39	39	40	38	39	39	40	38	39	11	6	0	0	0	0	0	0	0	0	0	0	0	0	0	0	0	0	0	0	0	0	0	0	0	0	0	0	0	0	0	0	0	0	
0	0	0	0	0	0	0	0	0	0	0	0	0	0	0	0	0	0	0	0	0	0	0	0	0	0	0	0	0	0	0	0	0	0	0	0	0	0	0	0	0	0	0	0	0	0	0	0	0	0	0	0	0	0	0	0	0	0	0	0	0	0	0	0	0	0	0	0	0	0	0	0	0	0	0	0	0	0	0	0	0	0	0	0	0	0	0	0	0	0	0	0	0	0	1	2	3	4	38	40	38	39	39	40	38	39	39	40	38	39	39	40	38	39	4	20	6	4	4	20	6	4	4	20	6	4	4	5	6	4	4	5	6	4	38	40	38	39	39	40	38	39	39	40	38	39	39	40	38	39	39	40	146	57	39	40	38	39	4	5	0	0	0	0	0	0	0	0	0	0	0	0	0	0	0	0	0	0	0	0	0	0	0	0	0	0	0	0	0	0	0	0	
0	0	0	0	0	0	0	0	0	0	0	0	0	0	0	0	0	0	0	0	0	0	0	0	0	0	0	0	0	0	0	0	0	0	0	0	0	0	0	0	0	0	0	0	0	0	0	0	0	0	0	0	0	0	0	0	0	0	0	0	0	0	0	0	0	0	0	0	0	0	0	0	0	0	0	0	0	0	0	0	0	0	0	0	0	0	0	0	0	0	0	0	0	0	8	9	5	10	38	40	38	39	39	40	38	89	39	40	38	89	39	40	38	89	30	31	32	33	34	31	32	33	34	31	32	33	11	6	5	10	29	30	30	30	88	40	38	89	39	40	38	89	39	40	38	89	39	40	38	89	39	40	63	64	39	40	38	89	11	6	0	0	0	0	0	0	0	0	0	0	0	0	0	0	0	0	0	0	0	0	0	0	0	0	0	0	0	0	0	0	0	0	
0	0	0	0	0	0	0	0	0	0	0	0	0	0	0	0	0	0	0	0	0	0	0	0	0	0	0	0	0	0	0	0	0	0	0	0	0	0	0	0	0	0	0	0	0	0	0	0	0	0	0	0	0	0	0	0	0	0	0	0	0	0	0	0	0	0	0	0	0	0	0	0	0	0	0	0	0	0	0	0	0	0	0	0	0	0	0	0	0	0	0	0	0	0	1	2	3	4	38	40	38	39	44	90	72	91	102	103	104	105	44	90	72	91	39	40	41	42	43	40	41	42	43	40	41	42	4	5	6	4	72	44	44	44	44	90	72	91	44	90	72	91	44	90	72	91	44	90	72	91	44	90	74	75	44	90	72	91	4	5	0	0	0	0	0	0	0	0	0	0	0	0	0	0	0	0	0	0	0	0	0	0	0	0	0	0	0	0	0	0	0	0	
0	0	0	0	0	0	0	0	0	0	0	0	0	0	0	0	0	0	0	0	0	0	0	0	0	0	0	0	0	0	0	0	0	0	0	0	0	0	0	0	0	0	0	0	0	0	0	0	0	0	0	0	0	0	0	0	0	0	0	0	0	0	0	0	0	0	0	0	0	0	0	0	0	0	0	0	0	0	0	0	0	0	0	0	0	0	0	0	0	0	0	0	0	0	8	9	5	10	38	40	38	39	11	6	5	10	109	110	110	109	11	6	5	10	83	40	38	39	39	40	38	39	39	40	38	39	11	6	5	6	5	6	5	6	5	6	5	6	5	6	5	6	5	6	5	6	5	6	5	6	5	6	5	6	5	6	5	6	5	6	0	0	0	0	0	0	0	0	0	0	0	0	0	0	0	0	0	0	0	0	0	0	0	0	0	0	0	0	0	0	0	0	
0	0	0	0	0	0	0	0	0	0	0	0	0	0	0	0	0	0	0	0	0	0	0	0	0	0	0	0	0	0	0	0	0	0	0	0	0	0	0	0	0	0	0	0	0	0	0	0	0	0	0	0	0	0	0	0	0	0	0	0	0	0	0	0	0	0	0	0	0	0	0	0	0	0	0	0	0	0	0	0	0	0	0	0	0	0	0	0	0	0	0	0	0	0	1	2	3	4	38	40	38	39	4	20	6	4	4	20	6	4	4	20	6	4	38	40	38	39	39	40	38	39	39	40	38	39	4	121	5	6	5	6	5	6	5	6	5	6	5	6	5	6	5	6	5	6	5	6	5	6	5	6	5	6	5	6	5	6	5	6	0	0	0	0	0	0	0	0	0	0	0	0	0	0	0	0	0	0	0	0	0	0	0	0	0	0	0	0	0	0	0	0	
0	0	0	0	0	0	0	0	0	0	0	0	0	0	0	0	0	0	0	0	0	0	0	0	0	0	0	0	0	0	0	0	0	0	0	0	0	0	0	0	0	0	0	0	0	0	0	0	0	0	0	0	0	0	0	0	0	0	0	0	0	0	0	0	0	0	0	0	0	0	0	0	0	0	0	0	0	0	0	0	0	0	0	0	0	0	0	0	0	0	0	0	0	0	8	9	5	10	38	40	38	89	30	31	32	33	34	31	32	33	34	31	29	30	88	40	38	39	39	40	38	39	39	40	38	39	11	147	5	6	5	6	5	6	5	6	5	6	5	6	5	6	5	6	5	6	5	6	5	6	5	6	5	6	5	6	5	6	5	6	0	0	0	0	0	0	0	0	0	0	0	0	0	0	0	0	0	0	0	0	0	0	0	0	0	0	0	0	0	0	0	0	
0	0	0	0	0	0	0	0	0	0	0	0	0	0	0	0	0	0	0	0	0	0	0	0	0	0	0	0	0	0	0	0	0	0	0	0	0	0	0	0	0	0	0	0	0	0	0	0	0	0	0	0	0	0	0	0	0	0	0	0	0	0	0	0	0	0	0	0	0	0	0	0	0	0	0	0	0	0	0	0	0	0	0	0	0	0	0	0	0	0	0	0	0	0	1	2	3	4	72	90	72	91	39	40	41	42	43	40	41	42	43	40	38	39	39	40	38	39	39	40	38	39	39	40	38	39	4	5	148	149	148	149	148	149	148	149	148	149	148	149	148	149	148	149	148	149	148	149	148	149	148	149	148	149	148	149	148	149	148	149	0	0	0	0	0	0	0	0	0	0	0	0	0	0	0	0	0	0	0	0	0	0	0	0	0	0	0	0	0	0	0	0	
0	0	0	0	0	0	0	0	0	0	0	0	0	0	0	0	0	0	0	0	0	0	0	0	0	0	0	0	0	0	0	0	0	0	0	0	0	0	0	0	0	0	0	0	0	0	0	0	0	0	0	0	0	0	0	0	0	0	0	0	0	0	0	0	0	0	0	0	0	0	0	0	0	0	0	0	0	0	0	0	0	0	0	0	0	0	0	0	0	0	0	0	0	0	8	9	5	10	11	6	5	10	83	40	38	39	39	40	38	39	39	40	38	39	39	40	38	39	39	40	38	39	39	40	38	39	11	6	0	0	0	0	0	0	0	0	0	0	0	0	0	0	0	0	0	0	0	0	0	0	0	0	0	0	0	0	0	0	0	0	0	0	0	0	0	0	0	0	0	0	0	0	0	0	0	0	0	0	0	0	0	0	0	0	0	0	0	0	0	0	0	0	
0	0	0	0	0	0	0	0	0	0	0	0	0	0	0	0	0	0	0	0	0	0	0	0	0	0	0	0	0	0	0	0	0	0	0	0	0	0	0	0	0	0	0	0	0	0	0	0	0	0	0	0	0	0	0	0	0	0	0	0	0	0	0	0	0	0	0	0	0	0	0	0	0	0	0	0	0	0	0	0	0	0	0	0	0	0	0	0	0	0	0	0	0	0	1	2	3	4	4	5	6	4	38	40	38	39	39	40	38	39	39	40	38	39	39	40	38	39	39	40	38	39	39	40	38	39	4	5	0	0	0	0	0	0	0	0	0	0	0	0	0	0	0	0	0	0	0	0	0	0	0	0	0	0	0	0	0	0	0	0	0	0	0	0	0	0	0	0	0	0	0	0	0	0	0	0	0	0	0	0	0	0	0	0	0	0	0	0	0	0	0	0	
0	0	0	0	0	0	0	0	0	0	0	0	0	0	0	0	0	0	0	0	0	0	0	0	0	0	0	0	0	0	0	0	0	0	0	0	0	0	0	0	0	0	0	0	0	0	0	0	0	0	0	0	0	0	0	0	0	0	0	0	0	0	0	0	0	0	0	0	0	0	0	0	0	0	0	0	0	0	0	0	0	0	0	0	0	0	0	0	0	0	0	0	0	0	8	9	5	10	29	30	30	30	88	40	38	89	39	40	38	89	39	40	38	89	39	40	38	89	39	40	38	89	39	40	38	39	11	6	0	0	0	0	0	0	0	0	0	0	0	0	0	0	0	0	0	0	0	0	0	0	0	0	0	0	0	0	0	0	0	0	0	0	0	0	0	0	0	0	0	0	0	0	0	0	0	0	0	0	0	0	0	0	0	0	0	0	0	0	0	0	0	0	
0	0	0	0	0	0	0	0	0	0	0	0	0	0	0	0	0	0	0	0	0	0	0	0	0	0	0	0	0	0	0	0	0	0	0	0	0	0	0	0	0	0	0	0	0	0	0	0	0	0	0	0	0	0	0	0	0	0	0	0	0	0	0	0	0	0	0	0	0	0	0	0	0	0	0	0	0	0	0	0	0	0	0	0	0	0	0	0	0	0	0	0	0	0	1	2	3	4	72	44	44	44	44	90	72	91	44	90	72	91	44	90	72	91	102	103	104	105	44	90	72	91	39	40	38	39	4	5	0	0	0	0	0	0	0	0	0	0	0	0	0	0	0	0	0	0	0	0	0	0	0	0	0	0	0	0	0	0	0	0	0	0	0	0	0	0	0	0	0	0	0	0	0	0	0	0	0	0	0	0	0	0	0	0	0	0	0	0	0	0	0	0	
0	0	0	0	0	0	0	0	0	0	0	0	0	0	0	0	0	0	0	0	0	0	0	0	0	0	0	0	0	0	0	0	0	0	0	0	0	0	0	0	0	0	0	0	0	0	0	0	0	0	0	0	0	0	0	0	0	0	0	0	0	0	0	0	0	0	0	0	0	0	0	0	0	0	0	0	0	0	0	0	0	0	0	0	0	0	0	0	0	0	0	0	0	0	8	9	5	10	11	6	5	10	11	6	5	10	11	6	5	10	11	6	5	10	109	110	110	109	11	6	5	10	83	40	38	39	11	6	0	0	0	0	0	0	0	0	0	0	0	0	0	0	0	0	0	0	0	0	0	0	0	0	0	0	0	0	0	0	0	0	0	0	0	0	0	0	0	0	0	0	0	0	0	0	0	0	0	0	0	0	0	0	0	0	0	0	0	0	0	0	0	0	
0	0	0	0	0	0	0	0	0	0	0	0	0	0	0	0	0	0	0	0	0	0	0	0	0	0	0	0	0	0	0	0	0	0	0	0	0	0	0	0	0	0	0	0	0	0	0	0	0	0	0	0	0	0	0	0	0	0	0	0	0	0	0	0	0	0	0	0	0	0	0	0	0	0	0	0	0	0	0	0	0	0	0	0	0	0	0	0	0	0	0	0	0	0	1	2	3	4	140	141	6	4	4	20	6	4	150	151	6	4	4	20	6	4	4	20	6	4	4	20	6	4	38	40	38	39	4	5	0	0	0	0	0	0	0	0	0	0	0	0	0	0	0	0	0	0	0	0	0	0	0	0	0	0	0	0	0	0	0	0	0	0	0	0	0	0	0	0	0	0	0	0	0	0	0	0	0	0	0	0	0	0	0	0	0	0	0	0	0	0	0	0	
0	0	0	0	0	0	0	0	0	0	0	0	0	0	0	0	0	0	0	0	0	0	0	0	0	0	0	0	0	0	0	0	0	0	0	0	0	0	0	0	0	0	0	0	0	0	0	0	0	0	0	0	0	0	0	0	0	0	0	0	0	0	0	0	0	0	0	0	0	0	0	0	0	0	0	0	0	0	0	0	0	0	0	0	0	0	0	0	0	0	0	0	0	0	8	9	5	10	142	143	29	30	30	31	32	33	152	152	32	33	34	31	32	33	34	31	32	33	34	31	29	30	88	40	38	89	11	6	0	0	0	0	0	0	0	0	0	0	0	0	0	0	0	0	0	0	0	0	0	0	0	0	0	0	0	0	0	0	0	0	0	0	0	0	0	0	0	0	0	0	0	0	0	0	0	0	0	0	0	0	0	0	0	0	0	0	0	0	0	0	0	0	
0	0	0	0	0	0	0	0	0	0	0	0	0	0	0	0	0	0	0	0	0	0	0	0	0	0	0	0	0	0	0	0	0	0	0	0	0	0	0	0	0	0	0	0	0	0	0	0	0	0	0	0	0	0	0	0	0	0	0	0	0	0	0	0	0	0	0	0	0	0	0	0	0	0	0	0	0	0	0	0	0	0	0	0	0	0	0	0	0	0	0	0	0	0	1	2	3	4	144	145	72	44	39	40	41	42	152	152	41	42	43	40	41	42	43	40	41	42	43	40	38	39	44	90	72	91	4	5	0	0	0	0	0	0	0	0	0	0	0	0	0	0	0	0	0	0	0	0	0	0	0	0	0	0	0	0	0	0	0	0	0	0	0	0	0	0	0	0	0	0	0	0	0	0	0	0	0	0	0	0	0	0	0	0	0	0	0	0	0	0	0	0	
0	0	0	0	0	0	0	0	0	0	0	0	0	0	0	0	0	0	0	0	0	0	0	0	0	0	0	0	0	0	0	0	0	0	0	0	0	0	0	0	0	0	0	0	0	0	0	0	0	0	0	0	0	0	0	0	0	0	0	0	0	0	0	0	0	0	0	0	0	0	0	0	0	0	0	0	0	0	0	0	0	0	0	0	0	0	0	0	0	0	0	0	0	0	8	9	5	10	11	6	5	10	83	40	38	39	152	152	38	39	39	40	38	39	39	40	38	39	39	40	38	39	11	6	5	10	11	6	0	0	0	0	0	0	0	0	0	0	0	0	0	0	0	0	0	0	0	0	0	0	0	0	0	0	0	0	0	0	0	0	0	0	0	0	0	0	0	0	0	0	0	0	0	0	0	0	0	0	0	0	0	0	0	0	0	0	0	0	0	0	0	0	
0	0	0	0	0	0	0	0	0	0	0	0	0	0	0	0	0	0	0	0	0	0	0	0	0	0	0	0	0	0	0	0	0	0	0	0	0	0	0	0	0	0	0	0	0	0	0	0	0	0	0	0	0	0	0	0	0	0	0	0	0	0	0	0	0	0	0	0	0	0	0	0	0	0	0	0	0	0	0	0	0	0	0	0	0	0	0	0	0	0	0	0	0	0	1	2	3	4	4	20	6	4	153	40	38	39	152	152	38	39	39	40	38	39	39	40	38	39	39	40	38	39	4	5	6	4	4	5	0	0	0	0	0	0	0	0	0	0	0	0	0	0	0	0	0	0	0	0	0	0	0	0	0	0	0	0	0	0	0	0	0	0	0	0	0	0	0	0	0	0	0	0	0	0	0	0	0	0	0	0	0	0	0	0	0	0	0	0	0	0	0	0	
0	0	0	0	0	0	0	0	0	0	0	0	0	0	0	0	0	0	0	0	0	0	0	0	0	0	0	0	0	0	0	0	0	0	0	0	0	0	0	0	0	0	0	0	0	0	0	0	0	0	0	0	0	0	0	0	0	0	0	0	0	0	0	0	0	0	0	0	0	0	0	0	0	0	0	0	0	0	0	0	0	0	0	0	0	0	0	0	0	0	0	0	0	0	8	9	5	10	29	31	29	30	39	40	38	89	154	154	38	89	39	40	38	89	39	40	38	39	39	40	38	89	30	30	30	30	11	129	0	0	0	0	0	0	0	0	0	0	0	0	0	0	0	0	0	0	0	0	0	0	0	0	0	0	0	0	0	0	0	0	0	0	0	0	0	0	0	0	0	0	0	0	0	0	0	0	0	0	0	0	0	0	0	0	0	0	0	0	0	0	0	0	
0	0	0	0	0	0	0	0	0	0	0	0	0	0	0	0	0	0	0	0	0	0	0	0	0	0	0	0	0	0	0	0	0	0	0	0	0	0	0	0	0	0	0	0	0	0	0	0	0	0	0	0	0	0	0	0	0	0	0	0	0	0	0	0	0	0	0	0	0	0	0	0	0	0	0	0	0	0	0	0	0	0	0	0	0	0	0	0	0	0	0	0	0	0	1	2	3	4	38	40	38	39	44	90	72	91	155	155	72	91	44	90	72	91	39	40	38	39	44	90	72	91	44	44	44	44	4	121	0	0	0	0	0	0	0	0	0	0	0	0	0	0	0	0	0	0	0	0	0	0	0	0	0	0	0	0	0	0	0	0	0	0	0	0	0	0	0	0	0	0	0	0	0	0	0	0	0	0	0	0	0	0	0	0	0	0	0	0	0	0	0	0	
0	0	0	0	0	0	0	0	0	0	0	0	0	0	0	0	0	0	0	0	0	0	0	0	0	0	0	0	0	0	0	0	0	0	0	0	0	0	0	0	0	0	0	0	0	0	0	0	0	0	0	0	0	0	0	0	0	0	0	0	0	0	0	0	0	0	0	0	0	0	0	0	0	0	0	0	0	0	0	0	0	0	0	0	0	0	0	0	0	0	0	0	0	0	8	9	5	10	38	40	38	39	11	6	5	10	11	6	5	10	11	6	5	10	83	40	38	39	11	6	5	10	11	6	5	10	11	129	156	156	156	156	156	156	156	156	156	156	156	156	156	156	156	156	156	156	156	156	156	156	156	156	156	156	156	156	156	156	156	156	0	0	0	0	0	0	0	0	0	0	0	0	0	0	0	0	0	0	0	0	0	0	0	0	0	0	0	0	0	0	0	0	
0	0	0	0	0	0	0	0	0	0	0	0	0	0	0	0	0	0	0	0	0	0	0	0	0	0	0	0	0	0	0	0	7	7	7	7	7	7	7	7	7	7	7	7	7	7	7	7	7	7	7	7	7	7	7	7	7	7	7	7	7	7	7	7	7	7	7	7	7	7	7	7	7	7	7	7	7	7	7	7	7	7	7	7	7	7	7	7	7	7	7	7	7	7	7	7	157	158	159	40	159	160	4	161	6	4	162	163	6	4	4	20	6	4	38	40	38	39	4	20	6	4	4	20	6	4	4	164	165	165	165	165	165	165	165	165	165	165	165	165	165	165	165	165	165	165	165	165	165	165	165	165	165	165	165	165	165	165	165	165	0	0	0	0	0	0	0	0	0	0	0	0	0	0	0	0	0	0	0	0	0	0	0	0	0	0	0	0	0	0	0	0	
0	0	0	0	0	0	0	0	0	0	0	0	0	0	0	0	0	0	0	0	0	0	0	0	0	0	0	0	0	0	0	0	7	7	7	7	7	7	7	7	7	7	7	7	7	7	7	7	7	7	7	7	7	7	7	7	7	7	7	7	7	7	7	7	7	7	7	7	7	7	7	7	7	7	7	7	7	7	7	7	7	7	7	7	7	7	7	7	7	7	7	7	7	7	7	7	166	167	168	40	168	169	170	171	172	173	174	174	175	33	34	31	29	30	88	40	38	89	30	31	32	33	34	31	32	33	11	6	176	176	176	176	176	176	176	176	176	176	176	176	176	176	176	176	176	176	176	176	176	176	176	176	176	176	176	176	176	176	176	176	0	0	0	0	0	0	0	0	0	0	0	0	0	0	0	0	0	0	0	0	0	0	0	0	0	0	0	0	0	0	0	0	
0	0	0	0	0	0	0	0	0	0	0	0	0	0	0	0	0	0	0	0	0	0	0	0	0	0	0	0	0	0	0	0	7	7	7	7	7	7	7	7	7	7	7	7	7	7	7	7	7	7	7	7	7	7	7	7	7	7	7	7	7	7	7	7	7	7	7	7	7	7	7	7	7	7	7	7	7	7	7	7	7	7	7	7	7	7	7	7	7	7	7	7	7	7	7	7	177	178	179	180	179	181	182	183	184	185	174	174	186	42	43	40	38	39	44	90	72	91	39	40	41	42	43	40	41	42	4	5	187	187	187	187	187	187	187	187	187	187	187	187	187	187	187	187	187	187	187	187	187	187	187	187	187	187	187	187	187	187	187	187	0	0	0	0	0	0	0	0	0	0	0	0	0	0	0	0	0	0	0	0	0	0	0	0	0	0	0	0	0	0	0	0	
0	0	0	0	0	0	0	0	0	0	0	0	0	0	0	0	0	0	0	0	0	0	0	0	0	0	0	0	0	0	0	0	93	94	93	94	93	94	93	94	93	94	93	94	93	94	93	94	7	7	16	17	17	17	17	17	17	17	17	18	19	17	17	17	17	17	17	17	17	17	17	18	19	17	17	17	17	17	7	7	7	7	7	7	7	7	7	7	7	7	7	7	7	7	7	7	166	167	188	177	166	167	188	177	166	167	174	174	168	39	39	40	38	39	11	6	5	10	83	40	38	39	39	40	38	39	11	6	189	190	191	192	189	190	191	192	189	190	191	192	189	190	191	192	189	190	191	192	189	190	191	192	189	190	191	192	189	190	191	192	0	0	0	0	0	0	0	0	0	0	0	0	0	0	0	0	0	0	0	0	0	0	0	0	0	0	0	0	0	0	0	0	
0	0	0	0	0	0	0	0	0	0	0	0	0	0	0	0	0	0	0	0	0	0	0	0	0	0	0	0	0	0	0	0	94	193	193	93	94	193	193	93	94	193	193	93	94	193	193	93	24	7	25	26	26	26	26	26	26	26	26	27	28	26	26	26	26	26	26	26	26	26	26	27	28	26	26	26	26	26	7	24	7	7	93	94	93	94	93	94	93	94	93	94	93	94	7	7	177	178	194	195	196	194	194	197	196	194	174	174	168	39	39	40	38	39	4	5	6	4	38	40	38	39	39	40	38	39	4	5	198	199	199	189	192	199	199	189	192	199	199	189	192	199	199	189	192	199	199	189	192	199	199	189	192	199	199	189	192	199	199	189	0	0	0	0	0	0	0	0	0	0	0	0	0	0	0	0	0	0	0	0	0	0	0	0	0	0	0	0	0	0	0	0	
0	0	0	0	0	0	0	0	0	0	0	0	0	0	0	0	0	0	0	0	0	0	0	0	0	0	0	0	0	0	0	0	93	94	106	200	201	202	203	200	106	107	107	107	107	107	93	94	24	7	25	26	26	26	26	26	26	26	26	27	28	26	26	26	26	26	26	26	26	26	26	27	28	26	26	26	26	26	7	24	7	7	97	97	97	97	97	98	99	100	97	98	99	100	7	7	204	205	206	207	207	207	207	171	208	209	210	210	211	89	39	40	38	89	30	30	30	30	88	40	38	39	39	40	38	89	11	6	189	190	212	213	213	213	213	213	213	213	213	213	213	213	213	213	213	213	213	213	213	213	213	213	213	213	213	213	213	213	191	192	0	0	0	0	0	0	0	0	0	0	0	0	0	0	0	0	0	0	0	0	0	0	0	0	0	0	0	0	0	0	0	0	
0	0	0	0	0	0	0	0	0	0	0	0	0	0	0	0	0	0	0	0	0	0	0	0	0	0	0	0	0	0	0	0	94	193	111	40	214	215	216	40	111	112	112	112	112	112	193	93	7	7	25	26	26	26	26	26	26	26	46	47	48	49	26	26	26	26	26	26	26	26	46	47	48	49	26	26	26	26	7	7	7	7	97	97	106	107	107	107	108	97	106	107	108	97	7	7	6	4	72	44	44	44	217	218	41	42	155	155	72	91	44	90	72	91	44	44	44	44	39	40	38	39	44	90	72	91	4	5	198	199	219	220	220	220	221	221	221	221	221	221	221	221	221	221	221	221	221	221	221	221	220	220	220	220	221	221	221	221	199	189	0	0	0	0	0	0	0	0	0	0	0	0	0	0	0	0	0	0	0	0	0	0	0	0	0	0	0	0	0	0	0	0	
0	0	0	0	0	0	0	0	0	0	0	0	0	0	0	0	0	0	0	0	0	0	0	0	0	0	0	0	0	0	0	0	93	94	111	40	111	112	112	40	111	112	93	94	93	94	93	94	7	7	25	26	26	26	26	26	26	26	7	7	7	7	25	26	26	26	7	54	54	7	7	7	7	7	25	26	26	26	7	7	7	7	97	97	111	112	112	112	113	97	111	112	113	97	7	7	5	10	11	6	5	10	152	152	38	39	11	6	5	10	11	6	5	10	11	6	5	10	83	40	38	39	11	6	5	10	11	6	189	190	191	192	189	190	222	221	221	221	221	221	221	221	221	221	221	221	221	221	221	221	191	192	189	190	222	221	221	221	191	192	0	0	0	0	0	0	0	0	0	0	0	0	0	0	0	0	0	0	0	0	0	0	0	0	0	0	0	0	0	0	0	0	
0	0	0	0	0	0	0	0	0	0	0	0	0	0	0	0	0	0	0	0	0	0	0	0	0	0	0	0	0	0	0	0	94	193	111	40	111	112	112	40	111	112	193	93	94	193	193	93	24	7	25	26	26	26	26	26	7	7	7	24	24	7	25	26	7	7	7	7	7	7	7	24	24	7	25	26	7	7	7	24	7	7	97	97	111	112	112	112	113	97	111	112	113	97	7	7	6	4	140	141	6	4	152	152	38	39	4	20	6	4	4	20	6	4	4	20	6	4	38	40	38	39	4	5	58	59	4	5	198	199	223	224	192	199	225	221	221	221	221	221	221	221	221	221	221	221	221	221	221	221	226	189	192	199	225	221	221	221	199	189	0	0	0	0	0	0	0	0	0	0	0	0	0	0	0	0	0	0	0	0	0	0	0	0	0	0	0	0	0	0	0	0	
0	0	0	0	0	0	0	0	0	0	0	0	0	0	0	0	0	0	0	0	0	0	0	0	0	0	0	0	0	0	0	0	93	94	111	40	111	112	112	40	111	116	107	107	69	70	93	94	24	7	67	68	26	26	26	26	71	17	7	24	24	7	25	26	71	17	7	24	24	7	7	24	24	7	25	26	71	17	7	24	7	7	97	97	111	112	112	112	113	97	111	112	69	70	7	7	5	10	142	143	29	30	154	154	38	89	30	31	32	33	34	31	32	33	34	31	29	30	88	40	38	89	30	30	65	66	11	6	189	190	142	143	212	213	227	221	221	221	221	221	221	221	221	221	221	221	221	221	221	221	228	213	213	213	227	221	221	221	191	192	0	0	0	0	0	0	0	0	0	0	0	0	0	0	0	0	0	0	0	0	0	0	0	0	0	0	0	0	0	0	0	0	
0	0	0	0	0	0	0	0	0	0	0	0	0	0	0	0	0	0	0	0	0	0	0	0	0	0	0	0	0	0	0	0	94	193	111	40	111	112	112	40	111	124	112	112	81	82	193	93	7	7	79	80	26	26	26	26	26	26	7	7	7	7	25	26	26	26	7	7	7	7	7	7	7	7	25	26	26	26	7	7	7	7	97	97	111	112	112	112	113	97	111	112	81	82	7	7	6	4	144	145	72	44	155	155	72	91	39	40	41	42	43	40	41	42	43	40	38	39	44	90	72	91	44	44	77	78	4	5	198	199	144	145	219	220	221	221	221	221	221	221	221	221	221	221	221	221	221	221	221	221	221	221	221	221	221	221	221	221	199	189	0	0	0	0	0	0	0	0	0	0	0	0	0	0	0	0	0	0	0	0	0	0	0	0	0	0	0	0	0	0	0	0	
0	0	0	0	0	0	0	0	0	0	0	0	0	0	0	0	0	0	0	0	0	0	0	0	0	0	0	0	0	0	0	0	93	94	111	40	111	112	93	94	93	94	93	94	93	94	93	94	7	7	7	7	7	7	25	26	26	26	7	7	7	7	55	26	26	26	17	17	17	17	7	7	7	7	55	26	26	26	7	7	7	7	97	229	230	231	112	116	113	97	93	94	7	7	7	7	5	10	11	6	5	10	11	6	5	10	83	40	38	39	39	40	38	39	39	40	38	39	11	6	5	10	11	6	5	10	11	6	189	190	191	192	189	190	222	221	221	221	221	221	221	221	221	221	221	221	221	221	221	221	221	221	221	221	221	221	221	221	191	192	0	0	0	0	0	0	0	0	0	0	0	0	0	0	0	0	0	0	0	0	0	0	0	0	0	0	0	0	0	0	0	0	
0	0	0	0	0	0	0	0	0	0	0	0	0	0	0	0	0	0	0	0	0	0	0	0	0	0	0	0	0	0	0	0	94	193	111	40	111	112	193	93	94	193	193	93	94	193	193	93	24	7	7	24	24	7	25	26	7	7	7	24	24	7	7	7	26	26	26	26	26	26	7	24	24	7	7	7	26	26	7	24	7	7	97	232	97	233	112	124	125	97	7	7	7	7	7	7	6	4	4	5	6	4	4	5	6	4	38	40	38	39	39	40	38	39	39	40	38	39	4	5	6	4	4	20	6	4	4	5	198	199	199	189	192	199	225	221	221	221	221	221	221	221	221	221	221	221	221	221	221	221	221	221	221	221	221	221	221	221	199	189	0	0	0	0	0	0	0	0	0	0	0	0	0	0	0	0	0	0	0	0	0	0	0	0	0	0	0	0	0	0	0	0	
0	0	0	0	0	0	0	0	0	0	0	0	0	0	0	0	0	0	0	0	0	0	0	0	0	0	0	0	0	0	0	0	93	94	111	40	111	116	107	200	201	202	203	200	201	202	93	94	24	7	7	24	24	7	25	26	71	17	7	24	24	7	16	17	26	26	26	26	26	26	7	24	24	7	16	17	26	26	7	24	7	7	93	94	93	94	93	94	93	94	7	7	7	7	7	7	5	10	29	30	30	30	30	30	30	30	88	40	38	89	39	40	38	89	39	40	38	89	30	30	30	30	30	31	32	33	11	6	189	190	212	213	213	213	227	234	235	221	221	221	221	221	221	221	221	221	221	221	221	221	221	221	221	221	221	221	221	221	191	192	0	0	0	0	0	0	0	0	0	0	0	0	0	0	0	0	0	0	0	0	0	0	0	0	0	0	0	0	0	0	0	0	
0	0	0	0	0	0	0	0	0	0	0	0	0	0	0	0	0	0	0	0	0	0	0	0	0	0	0	0	0	0	0	0	94	193	111	40	111	124	112	40	214	215	216	40	214	215	193	93	7	7	7	7	7	7	25	26	26	26	7	7	7	7	25	26	26	26	26	26	26	26	7	7	7	7	25	26	26	26	7	7	7	7	7	7	7	7	7	7	7	7	7	7	7	7	7	7	6	4	72	44	44	44	44	44	44	44	44	90	72	91	102	103	104	105	44	90	72	91	44	44	44	44	39	40	41	42	4	5	198	199	225	221	221	221	236	237	238	236	221	221	221	221	221	221	221	221	221	221	221	221	221	221	221	221	221	221	221	221	199	189	0	0	0	0	0	0	0	0	0	0	0	0	0	0	0	0	0	0	0	0	0	0	0	0	0	0	0	0	0	0	0	0	
0	0	0	0	0	0	0	0	0	0	0	0	0	0	0	0	0	0	0	0	0	0	0	0	0	0	0	0	0	0	0	0	93	94	111	40	111	112	112	40	111	112	112	40	111	112	93	94	7	7	7	7	7	7	55	26	26	26	7	7	7	7	7	54	54	7	55	26	26	26	7	7	7	7	25	26	26	26	7	7	7	7	7	7	7	7	7	7	7	7	7	7	7	7	7	7	5	10	11	6	5	10	11	6	5	10	11	6	5	10	109	110	110	109	11	6	5	10	11	6	5	10	83	40	38	39	11	6	189	190	225	221	221	221	239	110	110	239	222	221	221	221	221	221	221	221	221	221	221	221	221	221	221	221	221	221	221	221	191	192	0	0	0	0	0	0	0	0	0	0	0	0	0	0	0	0	0	0	0	0	0	0	0	0	0	0	0	0	0	0	0	0	
0	0	0	0	0	0	0	0	0	0	0	0	0	0	0	0	0	0	0	0	0	0	0	0	0	0	0	0	0	0	0	0	94	193	111	40	111	112	112	40	111	112	112	40	111	112	193	93	24	7	7	24	24	7	7	7	26	26	7	24	24	7	7	7	7	7	7	7	26	26	7	24	24	7	25	26	7	7	7	24	7	7	7	7	7	7	7	7	7	7	7	7	7	7	7	7	6	4	4	20	6	4	4	20	6	4	4	20	6	4	4	20	6	4	4	20	6	4	4	20	6	4	38	40	38	39	4	5	198	199	225	221	221	221	226	189	192	199	225	221	221	221	221	221	221	221	221	221	221	221	221	221	221	221	221	221	221	221	199	189	0	0	0	0	0	0	0	0	0	0	0	0	0	0	0	0	0	0	0	0	0	0	0	0	0	0	0	0	0	0	0	0	
0	0	0	0	0	0	0	0	0	0	0	0	0	0	0	0	0	0	0	0	0	0	0	0	0	0	0	0	0	0	0	0	93	94	111	40	111	112	112	40	111	116	112	40	111	112	93	94	24	7	7	24	24	7	16	17	26	26	7	24	24	7	7	24	24	7	16	17	26	26	7	24	24	7	25	26	71	17	7	24	7	7	7	7	7	7	7	7	7	7	7	7	7	7	7	7	5	10	29	31	32	33	34	31	32	33	34	31	32	33	34	31	32	33	34	31	32	33	34	31	29	30	88	40	38	89	11	6	189	190	225	234	235	221	228	213	213	213	227	234	235	221	221	221	221	221	221	221	221	221	221	221	221	221	221	221	221	221	191	192	0	0	0	0	0	0	0	0	0	0	0	0	0	0	0	0	0	0	0	0	0	0	0	0	0	0	0	0	0	0	0	0	
0	0	0	0	0	0	0	0	0	0	0	0	0	0	0	0	0	0	0	0	0	0	0	0	0	0	0	0	0	0	0	0	94	193	111	40	111	112	112	40	111	124	112	40	111	112	193	93	7	7	7	7	7	7	25	26	26	26	7	7	7	7	7	7	7	7	25	26	26	26	7	7	7	7	25	26	26	26	7	7	7	7	7	7	7	7	7	7	7	7	7	7	7	7	7	7	6	4	38	40	41	42	43	40	41	42	43	40	41	42	43	40	41	42	43	40	41	42	43	40	38	39	44	90	72	91	4	5	198	199	219	240	241	220	221	221	221	221	236	237	238	236	221	221	221	221	221	221	221	221	221	221	221	221	221	221	221	221	199	189	0	0	0	0	0	0	0	0	0	0	0	0	0	0	0	0	0	0	0	0	0	0	0	0	0	0	0	0	0	0	0	0	
0	0	0	0	0	0	0	0	0	0	0	0	0	0	0	0	0	0	0	0	0	0	0	0	0	0	0	0	0	0	0	0	93	94	111	40	111	112	112	40	111	112	112	40	111	112	93	94	7	7	16	17	17	17	92	26	26	26	7	7	7	7	17	18	19	17	92	26	26	26	7	7	7	7	55	26	26	26	7	7	7	7	7	7	7	7	7	7	7	7	7	7	7	7	7	7	5	10	38	40	38	39	39	40	38	39	39	40	38	39	39	40	38	39	39	40	38	39	39	40	38	39	11	6	5	10	11	6	189	190	191	192	189	190	222	221	221	221	239	110	110	239	222	221	221	221	221	221	221	221	221	221	221	221	221	221	221	221	191	192	0	0	0	0	0	0	0	0	0	0	0	0	0	0	0	0	0	0	0	0	0	0	0	0	0	0	0	0	0	0	0	0	
0	0	0	0	0	0	0	0	0	0	0	0	0	0	0	0	0	0	0	0	0	0	0	0	0	0	0	0	0	0	0	0	94	193	111	40	111	112	112	40	111	112	112	40	111	112	193	93	24	7	25	26	26	26	26	26	7	7	7	24	24	7	26	27	28	26	26	26	7	7	7	24	24	7	7	7	26	26	7	24	7	7	93	94	93	94	93	94	93	94	93	94	93	94	7	7	6	4	38	40	38	39	39	40	38	39	39	40	38	39	39	40	38	39	39	40	38	39	39	40	38	39	4	20	6	4	4	5	198	199	199	189	192	199	225	221	221	221	226	189	192	199	225	221	221	221	221	221	221	221	221	221	221	221	221	221	221	221	199	189	0	0	0	0	0	0	0	0	0	0	0	0	0	0	0	0	0	0	0	0	0	0	0	0	0	0	0	0	0	0	0	0	
0	0	0	0	0	0	0	0	0	0	0	0	0	0	0	0	0	0	0	0	0	0	0	0	0	0	0	0	0	0	0	0	93	94	111	40	111	116	112	40	111	112	112	40	111	116	93	94	24	7	25	26	26	26	26	26	71	17	7	24	24	7	26	27	28	26	26	26	71	17	7	24	24	7	16	17	26	26	7	24	7	7	97	98	99	100	97	98	99	100	97	98	99	100	7	7	5	10	38	40	38	39	39	40	38	89	39	40	38	89	39	40	38	89	39	40	38	89	39	40	38	89	30	31	32	33	11	6	189	190	212	213	213	213	227	234	235	221	228	213	213	213	227	234	235	221	221	221	221	221	221	221	221	221	221	221	221	221	191	192	0	0	0	0	0	0	0	0	0	0	0	0	0	0	0	0	0	0	0	0	0	0	0	0	0	0	0	0	0	0	0	0	
0	0	0	0	0	0	0	0	0	0	0	0	0	0	0	0	0	0	0	0	0	0	0	0	0	0	0	0	0	0	0	0	94	193	111	40	111	124	112	40	111	112	112	40	111	124	193	93	7	7	25	26	26	26	26	26	26	26	7	7	7	7	46	47	48	49	26	26	26	242	7	7	7	7	25	26	26	26	7	7	7	7	106	107	108	97	106	107	108	97	106	107	108	97	7	7	6	4	38	40	38	39	44	90	72	91	102	103	104	105	44	90	72	91	44	90	72	91	44	90	72	91	39	40	41	42	4	5	198	199	225	221	221	221	236	237	238	236	221	221	221	221	220	240	241	220	221	221	221	221	221	221	221	221	221	221	221	221	199	189	0	0	0	0	0	0	0	0	0	0	0	0	0	0	0	0	0	0	0	0	0	0	0	0	0	0	0	0	0	0	0	0	
0	0	0	0	0	0	0	0	0	0	0	0	0	0	0	0	0	0	0	0	0	0	0	0	0	0	0	0	0	0	0	0	93	94	111	40	111	112	112	40	111	112	112	40	111	112	93	94	7	7	25	26	26	26	7	54	54	7	7	7	7	7	7	54	54	7	7	54	54	7	7	7	7	7	25	26	26	26	7	7	7	7	111	112	113	97	111	112	113	97	111	112	113	97	7	7	5	10	38	40	38	39	11	6	5	10	109	110	110	109	11	6	5	10	11	6	5	10	11	6	5	10	83	40	38	39	11	6	189	190	225	221	221	221	239	110	110	239	222	221	221	221	191	192	189	190	222	221	221	221	221	221	221	221	221	221	221	221	191	243	0	0	0	0	0	0	0	0	0	0	0	0	0	0	0	0	0	0	0	0	0	0	0	0	0	0	0	0	0	0	0	0	
0	0	0	0	0	0	0	0	0	0	0	0	0	0	0	0	0	0	0	0	0	0	0	0	0	0	0	0	0	0	0	0	94	193	111	40	111	112	112	40	111	112	112	40	111	112	193	93	24	7	25	26	7	7	7	7	7	7	7	24	24	7	7	7	7	7	7	7	7	7	7	24	24	7	25	26	7	7	7	24	7	7	111	112	113	97	111	112	113	97	111	112	113	97	7	7	6	4	38	40	38	39	4	20	6	4	4	20	6	4	4	20	6	4	150	151	6	4	4	20	6	4	38	40	38	39	4	5	198	199	225	221	221	221	226	189	192	199	225	221	221	221	226	189	192	199	225	221	221	221	221	221	221	221	221	221	221	221	199	244	0	0	0	0	0	0	0	0	0	0	0	0	0	0	0	0	0	0	0	0	0	0	0	0	0	0	0	0	0	0	0	0	
0	0	0	0	0	0	0	0	0	0	0	0	0	0	0	0	0	0	0	0	0	0	0	0	0	0	0	0	0	0	0	0	93	94	111	40	111	112	112	40	111	116	112	40	111	112	93	94	24	7	25	26	71	17	7	24	24	7	7	24	24	7	7	24	24	7	7	24	24	7	7	24	24	7	25	26	69	70	7	24	7	7	67	68	113	97	111	112	113	97	111	112	113	97	7	7	5	10	38	40	38	89	30	31	32	33	34	31	32	33	34	31	32	33	152	152	32	33	34	31	29	30	88	40	38	89	11	6	189	190	225	234	235	221	228	213	213	213	227	234	235	221	228	213	213	213	227	234	235	221	221	221	221	221	221	221	221	221	191	192	0	0	0	0	0	0	0	0	0	0	0	0	0	0	0	0	0	0	0	0	0	0	0	0	0	0	0	0	0	0	0	0	
0	0	0	0	0	0	0	0	0	0	0	0	0	0	0	0	0	0	0	0	0	0	0	0	0	0	0	0	0	0	0	0	94	193	111	40	111	112	112	40	111	124	112	40	111	112	193	93	7	7	25	26	26	26	7	7	7	7	7	7	7	7	7	7	7	7	7	7	7	7	7	7	7	7	25	26	81	82	7	7	7	7	79	80	113	97	111	112	113	97	111	112	113	97	7	7	6	4	72	90	72	91	39	40	41	42	43	40	41	42	43	40	41	42	152	152	41	42	43	40	38	39	44	90	72	91	4	5	198	199	219	240	241	220	221	221	221	221	220	240	241	220	221	221	221	221	236	237	238	236	221	221	221	221	221	221	221	221	199	189	0	0	0	0	0	0	0	0	0	0	0	0	0	0	0	0	0	0	0	0	0	0	0	0	0	0	0	0	0	0	0	0	
0	0	0	0	0	0	0	0	0	0	0	0	0	0	0	0	0	0	0	0	0	0	0	0	0	0	0	0	0	0	0	0	93	94	111	40	111	112	112	40	111	112	112	40	111	112	93	94	7	7	55	26	26	26	17	17	17	17	17	18	19	17	17	17	17	17	17	18	19	17	7	7	7	7	7	7	7	7	7	7	7	7	93	94	93	94	111	116	113	97	111	229	230	231	7	7	5	10	11	6	5	10	83	40	38	39	39	40	38	39	39	40	38	39	152	152	38	39	39	40	38	39	11	6	5	10	11	6	245	190	191	192	189	190	222	221	221	221	191	192	189	190	222	221	221	221	239	110	110	239	222	221	221	221	221	221	221	221	191	192	0	0	0	0	0	0	0	0	0	0	0	0	0	0	0	0	0	0	0	0	0	0	0	0	0	0	0	0	0	0	0	0	
0	0	0	0	0	0	0	0	0	0	0	0	0	0	0	0	0	0	0	0	0	0	0	0	0	0	0	0	0	0	0	0	94	193	111	40	111	112	112	40	111	112	112	40	111	112	193	93	24	7	7	7	26	26	26	26	26	26	26	27	28	26	26	26	26	26	26	27	28	26	7	24	24	7	7	24	24	7	7	24	7	7	7	7	7	7	111	124	125	97	111	232	97	233	7	7	6	4	4	5	6	4	38	40	38	39	39	40	38	39	39	40	38	39	152	152	38	39	39	40	38	39	4	5	6	4	4	5	244	199	199	189	192	199	225	221	221	221	226	189	192	199	225	221	221	221	226	189	192	199	225	221	221	221	221	221	221	221	199	189	0	0	0	0	0	0	0	0	0	0	0	0	0	0	0	0	0	0	0	0	0	0	0	0	0	0	0	0	0	0	0	0	
0	0	0	0	0	0	0	0	0	0	0	0	0	0	0	0	0	0	0	0	0	0	0	0	0	0	0	0	0	0	0	0	93	94	111	40	111	116	112	40	111	112	112	40	111	116	93	94	24	7	16	17	26	26	26	26	26	26	26	27	28	26	26	26	26	26	26	27	28	26	7	24	24	7	7	24	24	7	7	24	7	7	7	7	7	7	93	94	93	94	93	94	93	94	7	7	5	10	29	30	30	30	88	40	38	89	39	40	38	89	39	40	38	39	152	152	38	89	39	40	38	89	30	30	30	30	11	6	246	190	212	213	213	213	227	234	235	221	228	213	213	213	227	234	235	221	228	213	213	213	227	234	235	221	221	221	221	221	191	192	0	0	0	0	0	0	0	0	0	0	0	0	0	0	0	0	0	0	0	0	0	0	0	0	0	0	0	0	0	0	0	0	
0	0	0	0	0	0	0	0	0	0	0	0	0	0	0	0	0	0	0	0	0	0	0	0	0	0	0	0	0	0	0	0	94	193	111	40	111	124	112	40	111	112	112	40	111	124	193	93	7	7	25	26	26	26	26	26	26	26	46	47	48	49	26	26	26	26	46	47	48	49	7	7	7	7	7	7	7	7	7	7	7	7	7	7	7	7	7	7	7	7	7	7	7	7	7	7	6	4	72	44	44	44	44	90	72	91	44	90	72	91	39	40	38	39	247	247	72	91	44	90	72	91	44	44	44	44	4	5	198	199	225	221	221	221	220	240	241	220	221	221	221	221	220	240	241	220	220	220	220	220	220	240	241	220	221	221	221	221	199	189	0	0	0	0	0	0	0	0	0	0	0	0	0	0	0	0	0	0	0	0	0	0	0	0	0	0	0	0	0	0	0	0	
0	0	0	0	0	0	0	0	0	0	0	0	0	0	0	0	0	0	0	0	0	0	0	0	0	0	0	0	0	0	0	0	93	94	111	40	111	112	112	40	111	112	112	40	111	112	93	94	248	249	250	250	250	250	7	7	7	251	252	252	252	253	7	7	7	7	7	7	7	7	7	7	7	7	7	7	7	7	7	7	7	7	7	7	7	7	7	7	7	7	7	7	7	7	7	7	5	10	11	6	5	10	11	6	5	10	11	6	5	10	83	40	38	39	11	6	5	10	11	6	5	10	11	6	5	10	11	6	189	190	225	221	221	221	191	192	189	190	222	221	221	221	191	192	189	190	191	192	189	190	191	192	189	190	222	221	221	221	191	192	0	0	0	0	0	0	0	0	0	0	0	0	0	0	0	0	0	0	0	0	0	0	0	0	0	0	0	0	0	0	0	0	
0	0	0	0	0	0	0	0	0	0	0	0	0	0	0	0	0	0	0	0	0	0	0	0	0	0	0	0	0	0	0	0	94	193	111	40	111	112	112	40	111	112	112	40	111	112	193	93	254	255	256	257	258	255	7	24	24	251	259	260	260	261	7	24	24	262	7	24	24	262	7	24	24	7	7	7	7	7	7	7	7	7	7	7	7	7	7	7	7	7	7	7	7	7	7	7	6	4	4	20	6	4	4	20	6	4	150	151	6	4	38	40	38	39	4	20	6	4	4	20	6	4	4	20	6	4	4	5	198	199	225	221	221	221	226	189	192	199	225	221	221	221	226	189	192	199	199	189	192	199	199	189	192	199	225	221	221	221	199	189	0	0	0	0	0	0	0	0	0	0	0	0	0	0	0	0	0	0	0	0	0	0	0	0	0	0	0	0	0	0	0	0	
0	0	0	0	0	0	0	0	0	0	0	0	0	0	0	0	0	0	0	0	0	0	0	0	0	0	0	0	0	0	0	0	93	94	111	40	111	112	112	40	111	116	112	40	111	112	93	94	263	255	256	257	258	255	7	24	24	251	259	260	260	264	7	24	24	265	7	24	24	265	7	24	24	7	7	7	7	7	7	7	7	7	7	7	7	7	7	7	7	7	7	7	7	7	7	7	5	10	29	31	32	33	34	31	32	33	152	152	29	30	88	40	38	89	30	31	32	33	34	31	32	33	34	31	32	33	11	266	189	190	225	234	235	221	228	213	213	213	227	234	235	221	228	213	213	213	213	213	213	213	213	213	213	213	227	221	221	221	191	192	0	0	0	0	0	0	0	0	0	0	0	0	0	0	0	0	0	0	0	0	0	0	0	0	0	0	0	0	0	0	0	0	
0	0	0	0	0	0	0	0	0	0	0	0	0	0	0	0	0	0	0	0	0	0	0	0	0	0	0	0	0	0	0	0	94	193	111	40	111	112	112	40	111	124	112	40	111	112	193	93	267	268	256	256	256	256	7	7	7	251	259	259	259	269	7	7	7	270	7	7	7	270	7	7	7	7	7	7	7	7	7	7	7	7	7	7	7	7	7	7	7	7	7	7	7	7	7	7	6	4	38	40	41	42	43	40	41	42	152	152	38	39	44	90	72	91	39	40	41	42	43	40	41	42	43	40	41	42	4	271	198	199	219	240	241	220	221	221	221	221	236	237	238	236	220	220	220	220	220	220	220	220	221	221	221	221	221	221	221	221	199	189	0	0	0	0	0	0	0	0	0	0	0	0	0	0	0	0	0	0	0	0	0	0	0	0	0	0	0	0	0	0	0	0	
0	0	0	0	0	0	0	0	0	0	0	0	0	0	0	0	0	0	0	0	0	0	0	0	0	0	0	0	0	0	0	0	93	94	111	40	111	112	112	40	111	112	112	40	111	112	93	94	7	7	272	272	272	272	7	7	7	7	273	273	273	274	7	7	7	7	7	7	7	7	7	7	7	7	7	7	7	7	7	7	7	7	7	7	7	7	7	7	7	7	7	7	7	7	7	7	5	10	38	40	38	39	39	40	38	39	152	152	38	39	11	6	5	10	83	40	38	39	39	40	38	39	39	40	38	39	11	6	189	190	191	192	189	190	222	221	221	221	239	110	110	239	191	192	189	190	191	192	189	190	222	221	221	221	221	221	221	221	191	192	0	0	0	0	0	0	0	0	0	0	0	0	0	0	0	0	0	0	0	0	0	0	0	0	0	0	0	0	0	0	0	0	
0	0	0	0	0	0	0	0	0	0	0	0	0	0	0	0	0	0	0	0	0	0	0	0	0	0	0	0	0	0	0	0	94	193	111	40	111	112	112	40	111	112	112	40	111	112	193	93	7	7	93	94	93	94	93	94	93	94	93	94	93	94	93	94	93	94	93	94	93	94	93	94	93	94	93	94	93	94	93	94	93	94	93	94	93	94	93	94	93	94	93	94	93	94	7	7	6	4	38	40	38	39	39	40	38	39	152	152	38	39	4	5	6	4	38	40	38	39	39	40	38	39	39	40	38	39	4	5	198	199	199	189	192	199	225	221	221	221	226	189	192	199	199	189	192	199	199	189	192	199	225	221	221	221	221	221	221	221	199	189	0	0	0	0	0	0	0	0	0	0	0	0	0	0	0	0	0	0	0	0	0	0	0	0	0	0	0	0	0	0	0	0	
0	0	0	0	0	0	0	0	0	0	0	0	0	0	0	0	0	0	0	0	0	0	0	0	0	0	0	0	0	0	0	0	93	94	111	40	111	116	112	40	111	112	112	40	111	116	93	94	7	7	97	98	99	100	97	98	99	100	97	98	99	100	97	98	99	100	97	98	99	100	97	98	99	100	97	98	99	100	97	98	99	100	97	98	99	100	97	98	99	100	97	98	99	100	7	7	5	10	38	40	38	89	39	40	38	39	154	154	38	89	30	30	30	30	88	40	38	89	39	40	38	89	39	40	38	39	11	6	189	190	212	213	213	213	227	234	235	221	228	213	213	213	213	213	213	213	213	213	213	213	227	234	235	221	221	221	221	221	191	192	0	0	0	0	0	0	0	0	0	0	0	0	0	0	0	0	0	0	0	0	0	0	0	0	0	0	0	0	0	0	0	0	
0	0	0	0	0	0	0	0	0	0	0	0	0	0	0	0	0	0	0	0	0	0	0	0	0	0	0	0	0	0	0	0	94	193	111	40	111	124	112	40	111	112	112	275	111	124	193	93	7	7	106	107	108	97	106	107	108	97	106	107	108	97	106	107	108	97	106	107	108	97	106	107	108	97	106	107	108	97	106	107	108	97	106	107	108	97	106	107	108	97	106	107	108	97	7	7	6	4	72	90	72	91	39	40	38	39	155	155	72	91	44	44	44	44	44	90	72	91	44	90	72	91	39	40	38	39	4	5	198	199	219	220	220	220	220	240	241	220	220	220	220	220	220	220	220	220	221	221	221	221	220	240	241	220	221	221	221	221	199	189	0	0	0	0	0	0	0	0	0	0	0	0	0	0	0	0	0	0	0	0	0	0	0	0	0	0	0	0	0	0	0	0	
0	0	0	0	0	0	0	0	0	0	0	0	0	0	0	0	0	0	0	0	0	0	0	0	0	0	0	0	0	0	0	0	93	94	111	40	111	112	112	40	111	112	93	94	93	94	93	94	7	7	111	112	113	97	111	112	113	97	111	112	113	97	111	112	113	97	111	112	113	97	111	112	113	97	111	112	113	97	111	112	113	97	111	112	113	97	111	112	113	97	111	112	113	97	7	7	5	10	11	6	5	10	83	40	38	39	11	6	5	10	11	6	5	10	11	6	5	10	11	6	5	10	83	40	38	39	11	6	189	190	191	192	189	190	191	192	189	190	191	192	189	190	189	192	189	190	222	221	221	221	191	192	189	190	222	221	221	221	191	192	0	0	0	0	0	0	0	0	0	0	0	0	0	0	0	0	0	0	0	0	0	0	0	0	0	0	0	0	0	0	0	0	
0	0	0	0	0	0	0	0	0	0	0	0	0	0	0	0	0	0	0	0	0	0	0	0	0	0	0	0	0	0	0	0	94	193	111	40	111	112	112	40	111	112	193	93	94	193	193	93	7	7	111	112	113	97	111	112	113	97	111	112	113	97	111	112	113	97	111	112	113	97	111	112	113	97	111	112	113	97	111	112	113	97	111	112	113	97	111	112	113	97	111	112	113	97	7	7	6	4	140	141	6	4	38	40	38	39	4	20	6	4	4	20	6	4	4	20	6	4	4	20	6	4	38	40	38	39	4	5	198	199	199	189	192	199	199	189	192	199	199	189	192	199	192	189	192	199	225	221	221	221	226	189	192	199	225	221	221	221	199	189	0	0	0	0	0	0	0	0	0	0	0	0	0	0	0	0	0	0	0	0	0	0	0	0	0	0	0	0	0	0	0	0	
0	0	0	0	0	0	0	0	0	0	0	0	0	0	0	0	0	0	0	0	0	0	0	0	0	0	0	0	0	0	0	0	93	94	111	40	111	112	112	40	111	112	107	107	69	70	93	94	7	7	67	68	113	97	111	112	113	97	111	112	113	97	111	112	113	97	111	112	113	97	111	112	113	97	111	112	113	97	111	112	113	97	111	112	113	97	111	112	113	97	111	112	69	70	7	7	5	10	142	143	29	30	88	40	38	89	30	31	32	33	34	31	32	33	34	31	32	33	34	31	29	30	88	40	38	89	11	6	189	190	212	213	213	213	213	213	213	213	213	213	213	213	213	213	213	213	227	234	235	221	228	213	213	213	227	221	221	221	191	192	0	0	0	0	0	0	0	0	0	0	0	0	0	0	0	0	0	0	0	0	0	0	0	0	0	0	0	0	0	0	0	0	
0	0	0	0	0	0	0	0	0	0	0	0	0	0	0	0	0	0	0	0	0	0	0	0	0	0	0	0	0	0	0	0	94	193	111	40	111	112	112	40	111	112	112	112	81	82	193	93	7	7	79	80	113	97	111	112	113	97	111	112	113	97	111	112	113	97	111	112	113	97	111	112	113	97	111	112	113	97	111	112	113	97	111	112	113	97	111	112	113	97	111	112	81	82	7	7	6	4	144	145	72	44	44	90	72	91	39	40	41	42	43	40	41	42	43	40	41	42	43	40	38	39	44	90	72	91	4	5	198	199	225	221	221	221	220	220	220	220	220	220	220	220	221	221	221	221	236	237	238	236	220	220	220	220	221	221	221	221	199	189	0	0	0	0	0	0	0	0	0	0	0	0	0	0	0	0	0	0	0	0	0	0	0	0	0	0	0	0	0	0	0	0	
0	0	0	0	0	0	0	0	0	0	0	0	0	0	0	0	0	0	0	0	0	0	0	0	0	0	0	0	0	0	0	0	93	94	111	40	111	112	112	40	111	112	93	94	93	94	93	94	7	7	93	94	93	94	111	116	113	97	111	116	113	97	111	116	113	97	111	116	113	97	111	116	113	97	111	116	113	97	111	116	113	97	111	116	113	97	111	116	113	97	93	94	7	7	7	7	5	10	11	6	5	10	11	6	5	10	83	40	38	39	39	40	38	39	39	40	38	39	39	40	38	39	11	6	5	10	11	6	189	190	225	221	221	221	191	192	189	190	191	192	189	190	222	221	221	221	239	110	110	239	191	192	189	190	222	221	221	221	191	192	0	0	0	0	0	0	0	0	0	0	0	0	0	0	0	0	0	0	0	0	0	0	0	0	0	0	0	0	0	0	0	0	
0	0	0	0	0	0	0	0	0	0	0	0	0	0	0	0	0	0	0	0	0	0	0	0	0	0	0	0	0	0	0	0	94	193	111	40	111	112	112	40	111	112	193	93	94	193	193	93	7	7	7	7	7	7	111	124	125	97	111	124	125	97	111	124	125	97	111	124	125	97	111	124	125	97	111	124	125	97	111	124	125	97	111	124	125	97	111	124	125	97	7	7	7	7	7	7	6	4	4	5	6	4	4	5	6	4	38	40	38	39	39	40	38	39	39	40	38	39	39	40	38	39	4	5	6	4	4	5	198	199	225	221	221	221	226	189	192	199	199	189	192	199	225	221	221	221	226	189	192	199	199	189	192	199	225	221	221	221	199	189	0	0	0	0	0	0	0	0	0	0	0	0	0	0	0	0	0	0	0	0	0	0	0	0	0	0	0	0	0	0	0	0	
0	0	0	0	0	0	0	0	0	0	0	0	0	0	0	0	0	0	0	0	0	0	0	0	0	0	0	0	0	0	0	0	93	94	111	40	111	116	112	40	111	116	107	107	107	107	93	94	7	7	7	7	7	7	93	94	93	94	93	94	93	94	93	94	93	94	93	94	93	94	93	94	93	94	93	94	93	94	93	94	93	94	93	94	93	94	93	94	93	94	7	7	7	7	7	7	5	10	29	30	30	30	30	30	30	30	88	40	38	89	39	40	38	89	39	40	38	89	39	40	38	89	30	30	30	30	11	6	189	190	225	234	235	221	228	213	213	213	213	213	213	213	227	234	235	221	228	213	213	213	213	213	213	213	227	221	221	221	191	192	0	0	0	0	0	0	0	0	0	0	0	0	0	0	0	0	0	0	0	0	0	0	0	0	0	0	0	0	0	0	0	0	
0	0	0	0	0	0	0	0	0	0	0	0	0	0	0	0	0	0	0	0	0	0	0	0	0	0	0	0	0	0	0	0	94	193	111	275	111	124	112	275	111	124	112	112	112	112	193	93	7	7	7	7	7	7	7	7	7	7	7	7	7	7	7	7	7	7	7	7	7	7	7	7	7	7	7	7	7	7	7	7	7	7	7	7	7	7	7	7	7	7	7	7	7	7	7	7	6	4	72	44	44	44	44	44	44	44	44	90	72	91	44	90	72	91	44	90	72	91	44	90	72	91	44	44	44	44	4	5	198	199	276	237	238	236	220	220	220	220	221	221	221	221	236	237	238	236	220	220	220	220	221	221	221	221	221	221	221	221	199	189	0	0	0	0	0	0	0	0	0	0	0	0	0	0	0	0	0	0	0	0	0	0	0	0	0	0	0	0	0	0	0	0	
0	0	0	0	0	0	0	0	0	0	0	0	0	0	0	0	0	0	0	0	0	0	0	0	0	0	0	0	0	0	0	0	93	94	93	94	93	94	93	94	93	94	93	94	93	94	93	94	7	7	7	7	7	7	7	7	7	7	7	7	7	7	7	7	7	7	7	7	7	7	7	7	7	7	7	7	7	7	7	7	7	7	7	7	7	7	7	7	7	7	7	7	7	7	7	7	5	6	5	6	5	6	5	6	5	6	5	6	5	6	5	6	5	6	5	6	5	6	5	6	5	6	5	6	5	6	5	6	189	190	239	110	110	239	191	192	189	190	222	221	221	221	239	110	110	239	191	192	189	190	222	221	221	221	221	221	221	221	191	192	277	277	277	277	277	277	277	277	277	277	277	277	277	277	277	277	277	277	277	277	277	277	277	277	277	277	277	277	277	277	277	277	
0	0	0	0	0	0	0	0	0	0	0	0	0	0	0	0	0	0	0	0	0	0	0	0	0	0	0	0	0	0	0	0	278	279	278	279	278	279	278	279	278	279	278	279	278	279	278	279	7	7	7	7	7	7	7	7	7	7	7	7	7	7	7	7	280	280	280	280	280	280	280	280	280	280	280	280	280	280	280	280	280	280	280	280	280	280	280	280	280	280	280	280	280	280	280	280	7	7	7	7	7	7	7	7	7	7	7	7	7	7	7	7	7	7	7	7	7	7	7	7	7	7	7	7	7	7	7	7	198	199	199	189	192	199	199	189	192	199	225	221	221	221	226	189	192	199	199	189	192	199	225	221	221	221	221	221	221	221	199	189	281	281	281	281	281	281	281	281	281	281	281	281	281	281	281	281	281	281	281	281	281	281	281	281	281	281	281	281	281	281	281	281	
0	0	0	0	0	0	0	0	0	0	0	0	0	0	0	0	0	0	0	0	0	0	0	0	0	0	0	0	0	0	0	0	282	283	282	283	282	283	282	283	282	283	282	283	282	283	282	283	284	284	284	284	284	284	284	284	284	284	284	284	284	284	284	284	285	285	285	285	285	285	285	285	285	285	285	285	285	285	285	285	285	285	285	285	285	285	285	285	285	285	285	285	285	285	285	285	7	7	7	7	7	7	7	7	7	7	7	7	7	7	7	7	7	7	7	7	7	7	7	7	7	7	7	7	7	7	7	7	189	190	212	213	213	213	213	213	213	213	227	234	235	221	228	213	213	213	213	213	213	213	227	234	235	221	221	221	221	221	191	192	286	286	287	287	286	286	287	287	286	286	287	287	286	286	287	287	286	286	287	287	286	286	287	287	286	286	287	287	286	286	287	287	
0	0	0	0	0	0	0	0	0	0	0	0	0	0	0	0	0	0	0	0	0	0	0	0	0	0	0	0	0	0	0	0	0	0	0	0	0	0	0	0	0	0	0	0	0	0	0	0	0	0	0	0	0	0	0	0	0	0	0	0	0	0	0	0	187	187	187	187	187	187	187	187	187	187	187	187	187	187	187	187	187	187	187	187	187	187	187	187	187	187	187	187	187	187	187	187	286	286	287	287	286	286	287	287	286	286	287	287	286	286	287	287	286	286	287	287	286	286	287	287	286	286	287	287	286	286	287	287	198	199	225	221	221	221	220	220	220	220	236	237	238	236	220	220	220	220	221	221	221	221	220	240	241	220	221	221	221	221	199	189	285	285	97	97	285	285	97	97	285	285	97	97	285	285	97	97	285	285	97	97	285	285	97	97	285	285	97	97	285	285	97	97	
0	0	0	0	0	0	0	0	0	0	0	0	0	0	0	0	0	0	0	0	0	0	0	0	0	0	0	0	0	0	0	0	0	0	0	0	0	0	0	0	0	0	0	0	0	0	0	0	0	0	0	0	0	0	0	0	0	0	0	0	0	0	0	0	189	190	191	192	189	190	191	288	289	190	191	288	289	190	191	288	289	190	191	192	189	190	191	192	189	190	191	192	189	190	191	192	285	285	290	290	285	285	290	290	285	285	290	290	285	285	290	290	285	285	290	290	285	285	290	290	285	285	290	290	285	285	290	290	189	190	225	221	221	221	191	192	189	190	239	110	110	239	191	192	189	190	222	221	221	221	191	192	189	190	222	221	221	221	191	192	7	7	97	97	7	7	97	97	7	7	97	97	7	7	97	97	7	7	97	97	7	7	97	97	7	7	97	97	7	7	97	97	
0	0	0	0	0	0	0	0	0	0	0	0	0	0	0	0	0	0	0	0	0	0	0	0	0	0	0	0	0	0	0	0	0	0	0	0	0	0	0	0	0	0	0	0	0	0	0	0	0	0	0	0	0	0	0	0	0	0	0	0	0	0	0	0	192	199	199	189	291	199	199	292	293	199	199	292	293	199	199	292	293	199	199	189	291	199	199	189	291	199	199	189	291	199	199	189	285	285	285	285	285	285	285	285	285	285	285	285	285	285	285	285	285	285	285	285	285	285	285	285	285	285	285	285	285	285	285	285	198	199	225	221	221	221	226	189	192	199	199	189	192	199	199	189	192	199	225	221	221	221	226	189	192	199	225	221	221	221	199	189	7	7	7	7	7	7	7	7	7	7	7	7	7	7	7	7	7	7	7	7	7	7	7	7	7	7	7	7	7	7	7	7	
0	0	0	0	0	0	0	0	0	0	0	0	0	0	0	0	0	0	0	0	0	0	0	0	0	0	0	0	0	0	0	0	0	0	0	0	0	0	0	0	0	0	0	0	0	0	0	0	0	0	0	0	0	0	0	0	0	0	0	0	0	0	0	0	189	190	212	213	294	213	213	213	294	213	213	213	294	213	213	213	294	213	213	213	294	213	213	213	294	213	213	213	294	213	191	192	285	285	285	187	187	187	285	187	295	187	285	187	295	187	285	187	295	187	285	187	295	187	285	187	295	187	285	187	187	187	285	285	189	190	225	234	235	221	228	213	213	213	213	213	213	213	213	213	213	213	227	234	235	221	228	213	213	213	227	234	235	221	191	192	7	7	7	7	7	7	7	7	7	7	7	7	7	7	7	7	7	7	7	7	7	7	7	7	7	7	7	7	7	7	7	7	
0	0	0	0	0	0	0	0	0	0	0	0	0	0	0	0	0	0	0	0	0	0	0	0	0	0	0	0	0	0	0	0	0	0	0	0	0	0	0	0	0	0	0	0	0	0	0	0	0	0	0	0	0	0	0	0	0	0	0	0	0	0	0	0	192	199	225	221	296	221	220	220	297	220	220	220	297	220	220	220	297	220	220	220	297	220	221	221	296	221	220	220	297	220	199	189	285	285	285	212	213	213	285	212	294	213	285	212	294	213	285	212	294	213	285	212	294	213	285	212	294	213	285	212	213	213	285	285	198	199	276	237	238	236	221	221	221	221	220	220	220	220	221	221	221	221	220	240	241	220	220	220	220	220	220	240	241	220	199	189	7	7	7	16	17	17	7	16	298	17	7	16	298	17	7	16	298	17	7	16	298	17	7	16	298	17	7	16	298	17	7	7	
0	0	0	0	0	0	0	0	0	0	0	0	0	0	0	0	0	0	0	0	0	0	0	0	0	0	0	0	0	0	0	0	0	0	0	0	0	0	0	0	0	0	0	0	0	0	0	0	0	0	0	0	0	0	0	0	0	0	0	0	0	0	0	0	189	190	225	221	296	221	191	192	189	190	191	192	189	190	191	192	189	190	191	192	189	190	222	221	296	221	191	192	189	190	191	192	285	285	187	225	221	221	299	225	300	221	299	225	300	221	299	225	300	221	299	225	300	221	299	225	300	221	299	225	221	221	285	285	189	190	239	110	110	239	222	221	221	221	191	192	189	190	222	221	221	221	191	192	189	190	191	192	189	190	191	192	189	190	191	192	7	7	7	25	26	26	7	25	301	26	7	25	301	26	7	25	301	26	7	25	301	26	7	25	301	26	7	25	301	26	7	7	
0	0	0	0	0	0	0	0	0	0	0	0	0	0	0	0	0	0	0	0	0	0	0	0	0	0	0	0	0	0	0	0	0	0	0	0	0	0	0	0	0	0	0	0	0	0	0	0	0	0	0	0	0	0	0	0	0	0	0	0	0	0	0	0	192	199	225	221	296	221	226	189	291	199	199	189	291	199	199	189	190	239	199	189	291	199	225	221	296	221	226	189	302	303	199	189	285	285	304	305	221	221	228	227	306	307	228	227	306	307	228	227	306	307	228	227	306	307	228	227	306	307	228	227	308	309	285	285	198	199	223	224	192	199	225	221	221	221	226	189	192	199	225	221	221	221	226	189	192	199	199	189	192	199	199	189	302	303	199	189	7	7	17	92	26	26	71	92	310	311	71	92	310	311	71	92	310	311	71	92	310	311	71	92	310	311	71	92	301	26	7	7	
0	0	0	0	0	0	0	0	0	0	0	0	0	0	0	0	0	0	0	0	0	0	0	0	0	0	0	0	0	0	0	0	0	0	0	0	0	0	0	0	0	0	0	0	0	0	0	0	0	0	0	0	0	0	0	0	0	0	0	0	0	0	0	0	189	190	225	221	296	221	228	213	294	213	213	213	294	213	213	213	239	239	212	213	294	213	227	221	296	221	228	213	65	66	191	192	285	285	142	143	221	221	221	221	312	225	221	221	312	225	221	221	312	225	221	221	312	225	221	221	312	225	221	221	65	66	285	285	189	190	142	143	212	213	227	234	235	221	228	213	213	213	227	234	235	221	228	213	213	213	213	213	213	213	213	213	65	66	191	192	7	7	67	68	26	26	26	26	313	25	26	26	313	25	26	26	313	25	26	26	313	25	26	26	313	25	26	26	114	115	7	7	
0	0	0	0	0	0	0	0	0	0	0	0	0	0	0	0	0	0	0	0	0	0	0	0	0	0	0	0	0	0	0	0	0	0	0	0	0	0	0	0	0	0	0	0	0	0	0	0	0	0	0	0	0	0	0	0	0	0	0	0	0	0	0	0	192	199	219	220	314	220	220	220	297	220	221	221	296	221	221	221	239	239	225	221	296	221	220	220	314	220	220	220	77	78	199	189	285	285	315	316	317	317	317	317	318	319	317	317	318	319	317	317	318	319	317	317	318	319	317	317	318	319	317	317	320	321	285	285	198	199	144	145	219	220	220	240	241	220	221	221	221	221	220	240	241	220	220	220	220	220	221	221	221	221	220	220	77	78	199	189	7	7	79	80	26	26	26	26	322	25	26	26	322	25	26	26	322	25	26	26	322	25	26	26	322	25	26	26	122	123	7	7	
0	0	0	0	0	0	0	0	0	0	0	0	0	0	0	0	0	0	0	0	0	0	0	0	0	0	0	0	0	0	0	0	0	0	0	0	0	0	0	0	0	0	0	0	0	0	0	0	0	0	0	0	0	0	0	0	0	0	0	0	0	0	0	0	189	190	191	192	189	190	191	192	189	190	222	221	296	221	221	221	239	239	225	221	296	221	191	192	189	190	191	192	189	190	191	192	285	285	285	285	285	285	285	285	285	285	285	285	285	285	285	285	285	285	285	285	285	285	285	285	285	285	285	285	285	285	285	285	189	190	191	192	189	190	191	192	189	190	222	221	221	221	191	192	189	190	191	192	189	190	222	221	221	221	191	192	189	190	191	192	7	7	7	7	7	7	7	7	7	7	7	7	7	7	7	7	7	7	7	7	7	7	7	7	7	7	7	7	7	7	7	7	
0	0	0	0	0	0	0	0	0	0	0	0	0	0	0	0	0	0	0	0	0	0	0	0	0	0	0	0	0	0	0	0	0	0	0	0	0	0	0	0	0	0	0	0	0	0	0	0	0	0	0	0	0	0	0	0	0	0	0	0	0	0	0	0	192	199	199	189	291	199	199	189	291	199	225	221	296	221	221	221	239	239	225	221	296	221	226	189	291	199	199	189	291	199	199	189	187	187	187	187	187	187	187	187	187	187	187	187	187	187	187	187	187	187	187	187	187	187	187	187	187	187	187	187	187	187	187	187	198	199	199	189	192	199	199	189	192	199	225	221	221	221	226	189	192	199	199	189	192	199	225	221	221	221	226	189	192	199	199	189	7	7	7	7	7	7	7	7	7	7	7	7	7	7	7	7	7	7	7	7	7	7	7	7	7	7	7	7	7	7	7	7	
0	0	0	0	0	0	0	0	0	0	0	0	0	0	0	0	0	0	0	0	0	0	0	0	0	0	0	0	0	0	0	0	0	0	0	0	0	0	0	0	0	0	0	0	0	0	0	0	0	0	0	0	0	0	0	0	0	0	0	0	0	0	0	0	189	190	212	213	294	213	213	213	294	213	227	221	296	221	221	221	323	323	225	221	296	221	228	213	294	213	213	213	294	213	191	192	191	192	191	192	97	97	97	97	97	97	97	97	97	97	97	97	97	97	97	97	97	97	97	97	97	97	97	97	97	97	97	97	189	190	212	213	213	213	213	213	213	213	227	234	235	221	228	213	213	213	213	213	213	213	227	234	235	221	228	213	213	213	191	192	97	97	97	97	97	97	97	97	97	97	97	97	97	97	97	97	97	97	97	97	97	97	97	97	97	97	97	97	97	97	97	97	
0	0	0	0	0	0	0	0	0	0	0	0	0	0	0	0	0	0	0	0	0	0	0	0	0	0	0	0	0	0	0	0	0	0	0	0	0	0	0	0	0	0	0	0	0	0	0	0	0	0	0	0	0	0	0	0	0	0	0	0	0	0	0	0	192	199	225	221	296	221	220	220	297	220	220	220	314	220	220	220	155	155	219	220	314	220	220	220	297	220	220	220	297	220	199	189	199	189	199	189	324	324	324	324	324	324	324	324	324	324	324	324	324	324	324	324	324	324	324	324	324	324	324	324	324	324	324	324	198	199	219	220	220	220	220	220	220	220	220	240	241	220	220	220	220	220	220	220	220	220	220	240	241	220	220	220	220	220	199	189	325	325	325	325	325	325	325	325	325	325	325	325	325	325	325	325	325	325	325	325	325	325	325	325	325	325	325	325	325	325	325	325	
0	0	0	0	0	0	0	0	0	0	0	0	0	0	0	0	0	0	0	0	0	0	0	0	0	0	0	0	0	0	0	0	0	0	0	0	0	0	0	0	0	0	0	0	0	0	0	0	0	0	0	0	0	0	0	0	0	0	0	0	0	0	0	0	189	190	225	221	296	221	191	288	289	190	191	288	289	190	191	288	289	190	191	288	289	190	191	192	189	190	191	192	189	190	191	192	191	192	191	192	326	326	326	326	326	326	326	326	326	326	326	326	326	326	326	326	326	326	326	326	326	326	326	326	326	326	326	326	189	190	191	192	189	190	191	192	189	190	191	192	189	190	191	192	189	190	191	192	189	190	191	192	189	190	191	192	189	190	191	192	327	327	327	327	327	327	327	327	327	327	327	327	327	327	327	327	327	327	327	327	327	327	327	327	327	327	327	327	327	327	327	327	
0	0	0	0	0	0	0	0	0	0	0	0	0	0	0	0	0	0	0	0	0	0	0	0	0	0	0	0	0	0	0	0	0	0	0	0	0	0	0	0	0	0	0	0	0	0	0	0	0	0	0	0	0	0	0	0	0	0	0	0	0	0	0	0	192	199	225	221	296	221	199	292	293	199	199	292	293	199	199	292	293	199	199	292	293	199	199	189	291	199	199	189	291	199	199	189	199	189	199	189	328	328	328	328	328	328	328	328	328	328	328	328	328	328	328	328	328	328	328	328	328	328	328	328	328	328	328	328	329	330	330	331	332	330	330	331	332	330	330	331	332	330	330	331	332	330	330	331	332	330	330	331	332	330	330	331	332	330	330	331	327	327	327	327	327	327	327	327	327	327	327	327	327	327	327	327	327	327	327	327	327	327	327	327	327	327	327	327	327	327	327	327	
0	0	0	0	0	0	0	0	0	0	0	0	0	0	0	0	0	0	0	0	0	0	0	0	0	0	0	0	0	0	0	0	0	0	0	0	0	0	0	0	0	0	0	0	0	0	0	0	0	0	0	0	0	0	0	0	0	0	0	0	0	0	0	0	189	190	225	221	296	221	213	213	294	213	213	213	294	213	213	213	294	213	213	213	294	213	213	213	294	213	213	213	294	213	191	192	191	192	191	192	333	333	333	333	333	333	333	333	333	333	333	333	333	333	333	333	333	333	333	333	333	333	333	333	333	333	333	333	334	335	335	336	337	335	335	336	337	335	335	336	337	335	335	336	337	335	335	336	337	335	335	336	337	335	335	336	337	335	335	336	338	338	338	338	338	338	338	338	338	338	338	338	338	338	338	338	338	338	338	338	338	338	338	338	338	338	338	338	338	338	338	338	
0	0	0	0	0	0	0	0	0	0	0	0	0	0	0	0	0	0	0	0	0	0	0	0	0	0	0	0	0	0	0	0	0	0	0	0	0	0	0	0	0	0	0	0	0	0	0	0	0	0	0	0	0	0	0	0	0	0	0	0	0	0	0	0	192	199	219	220	314	220	220	220	297	220	220	220	297	220	220	220	297	220	220	220	297	220	221	221	296	221	221	221	296	221	199	189	199	189	199	189	0	0	0	0	0	0	0	0	0	0	0	0	0	0	0	0	0	0	0	0	0	0	0	0	0	0	0	0	0	0	0	0	0	0	0	0	0	0	0	0	0	0	0	0	0	0	0	0	0	0	0	0	0	0	0	0	0	0	0	0	0	0	0	0	0	0	0	0	0	0	0	0	0	0	0	0	0	0	0	0	0	0	0	0	0	0	0	0	0	0	0	0	
0	0	0	0	0	0	0	0	0	0	0	0	0	0	0	0	0	0	0	0	0	0	0	0	0	0	0	0	0	0	0	0	0	0	0	0	0	0	0	0	0	0	0	0	0	0	0	0	0	0	0	0	0	0	0	0	0	0	0	0	0	0	0	0	189	190	191	192	189	190	191	192	189	190	191	192	189	190	191	192	189	190	191	192	189	190	222	221	296	221	221	221	296	221	191	192	191	192	191	192	0	0	0	0	0	0	0	0	0	0	0	0	0	0	0	0	0	0	0	0	0	0	0	0	0	0	0	0	0	0	0	0	0	0	0	0	0	0	0	0	0	0	0	0	0	0	0	0	0	0	0	0	0	0	0	0	0	0	0	0	0	0	0	0	0	0	0	0	0	0	0	0	0	0	0	0	0	0	0	0	0	0	0	0	0	0	0	0	0	0	0	0	
0	0	0	0	0	0	0	0	0	0	0	0	0	0	0	0	0	0	0	0	0	0	0	0	0	0	0	0	0	0	0	0	0	0	0	0	0	0	0	0	0	0	0	0	0	0	0	0	0	0	0	0	0	0	0	0	0	0	0	0	0	0	0	0	192	199	199	189	291	199	199	189	291	199	199	189	291	199	199	189	291	199	199	189	291	199	225	221	296	221	221	221	296	221	199	189	199	189	199	189	0	0	0	0	0	0	0	0	0	0	0	0	0	0	0	0	0	0	0	0	0	0	0	0	0	0	0	0	0	0	0	0	0	0	0	0	0	0	0	0	0	0	0	0	0	0	0	0	0	0	0	0	0	0	0	0	0	0	0	0	0	0	0	0	0	0	0	0	0	0	0	0	0	0	0	0	0	0	0	0	0	0	0	0	0	0	0	0	0	0	0	0	
0	0	0	0	0	0	0	0	0	0	0	0	0	0	0	0	0	0	0	0	0	0	0	0	0	0	0	0	0	0	0	0	0	0	0	0	0	0	0	0	0	0	0	0	0	0	0	0	0	0	0	0	0	0	0	0	0	0	0	0	0	0	0	0	189	190	212	213	294	213	213	213	294	213	213	213	294	213	213	213	294	213	213	213	294	213	227	221	296	221	221	221	296	221	191	192	191	192	191	192	0	0	0	0	0	0	0	0	0	0	0	0	0	0	0	0	0	0	0	0	0	0	0	0	0	0	0	0	0	0	0	0	0	0	0	0	0	0	0	0	0	0	0	0	0	0	0	0	0	0	0	0	0	0	0	0	0	0	0	0	0	0	0	0	0	0	0	0	0	0	0	0	0	0	0	0	0	0	0	0	0	0	0	0	0	0	0	0	0	0	0	0	
0	0	0	0	0	0	0	0	0	0	0	0	0	0	0	0	0	0	0	0	0	0	0	0	0	0	0	0	0	0	0	0	0	0	0	0	0	0	0	0	0	0	0	0	0	0	0	0	0	0	0	0	0	0	0	0	0	0	0	0	0	0	0	0	192	199	225	221	296	221	221	221	296	221	221	221	296	221	221	221	296	221	221	221	296	221	220	220	314	220	221	221	296	221	199	189	199	189	199	189	0	0	0	0	0	0	0	0	0	0	0	0	0	0	0	0	0	0	0	0	0	0	0	0	0	0	0	0	0	0	0	0	0	0	0	0	0	0	0	0	0	0	0	0	0	0	0	0	0	0	0	0	0	0	0	0	0	0	0	0	0	0	0	0	0	0	0	0	0	0	0	0	0	0	0	0	0	0	0	0	0	0	0	0	0	0	0	0	0	0	0	0	
0	0	0	0	0	0	0	0	0	0	0	0	0	0	0	0	0	0	0	0	0	0	0	0	0	0	0	0	0	0	0	0	0	0	0	0	0	0	0	0	0	0	0	0	0	0	0	0	0	0	0	0	0	0	0	0	0	0	0	0	0	0	0	0	189	190	225	221	296	221	221	221	296	221	221	221	296	221	221	221	296	221	221	221	296	221	191	192	189	190	222	221	296	221	191	192	191	192	191	192	0	0	0	0	0	0	0	0	0	0	0	0	0	0	0	0	0	0	0	0	0	0	0	0	0	0	0	0	0	0	0	0	0	0	0	0	0	0	0	0	0	0	0	0	0	0	0	0	0	0	0	0	0	0	0	0	0	0	0	0	0	0	0	0	0	0	0	0	0	0	0	0	0	0	0	0	0	0	0	0	0	0	0	0	0	0	0	0	0	0	0	0	
0	0	0	0	0	0	0	0	0	0	0	0	0	0	0	0	0	0	0	0	0	0	0	0	0	0	0	0	0	0	0	0	0	0	0	0	0	0	0	0	0	0	0	0	0	0	0	0	0	0	0	0	0	0	0	0	0	0	0	0	0	0	0	0	192	199	225	221	296	221	221	221	296	221	221	221	296	221	221	221	296	221	221	221	296	221	226	189	291	199	225	221	296	221	199	189	199	189	199	189	0	0	0	0	0	0	0	0	0	0	0	0	0	0	0	0	0	0	0	0	0	0	0	0	0	0	0	0	0	0	0	0	0	0	0	0	0	0	0	0	0	0	0	0	0	0	0	0	0	0	0	0	0	0	0	0	0	0	0	0	0	0	0	0	0	0	0	0	0	0	0	0	0	0	0	0	0	0	0	0	0	0	0	0	0	0	0	0	0	0	0	0	
0	0	0	0	0	0	0	0	0	0	0	0	0	0	0	0	0	0	0	0	0	0	0	0	0	0	0	0	0	0	0	0	0	0	0	0	0	0	0	0	0	0	0	0	0	0	0	0	0	0	0	0	0	0	0	0	0	0	0	0	0	0	0	0	189	190	225	221	296	221	221	221	296	221	221	221	296	221	221	221	296	221	221	221	296	221	228	213	294	213	227	221	296	221	191	192	191	192	191	192	0	0	0	0	0	0	0	0	0	0	0	0	0	0	0	0	0	0	0	0	0	0	0	0	0	0	0	0	0	0	0	0	0	0	0	0	0	0	0	0	0	0	0	0	0	0	0	0	0	0	0	0	0	0	0	0	0	0	0	0	0	0	0	0	0	0	0	0	0	0	0	0	0	0	0	0	0	0	0	0	0	0	0	0	0	0	0	0	0	0	0	0	
0	0	0	0	0	0	0	0	0	0	0	0	0	0	0	0	0	0	0	0	0	0	0	0	0	0	0	0	0	0	0	0	0	0	0	0	0	0	0	0	0	0	0	0	0	0	0	0	0	0	0	0	0	0	0	0	0	0	0	0	0	0	0	0	192	199	225	221	296	221	220	220	314	220	220	220	314	220	220	220	314	220	220	220	314	220	221	221	296	221	221	221	296	221	199	189	199	189	199	189	0	0	0	0	0	0	0	0	0	0	0	0	0	0	0	0	0	0	0	0	0	0	0	0	0	0	0	0	0	0	0	0	0	0	0	0	0	0	0	0	0	0	0	0	0	0	0	0	0	0	0	0	0	0	0	0	0	0	0	0	0	0	0	0	0	0	0	0	0	0	0	0	0	0	0	0	0	0	0	0	0	0	0	0	0	0	0	0	0	0	0	0	
0	0	0	0	0	0	0	0	0	0	0	0	0	0	0	0	0	0	0	0	0	0	0	0	0	0	0	0	0	0	0	0	0	0	0	0	0	0	0	0	0	0	0	0	0	0	0	0	0	0	0	0	0	0	0	0	0	0	0	0	0	0	0	0	189	190	225	221	296	221	191	192	189	190	191	192	189	190	191	192	189	190	191	192	189	190	222	221	296	221	221	221	296	221	191	192	191	192	191	192	0	0	0	0	0	0	0	0	0	0	0	0	0	0	0	0	0	0	0	0	0	0	0	0	0	0	0	0	0	0	0	0	0	0	0	0	0	0	0	0	0	0	0	0	0	0	0	0	0	0	0	0	0	0	0	0	0	0	0	0	0	0	0	0	0	0	0	0	0	0	0	0	0	0	0	0	0	0	0	0	0	0	0	0	0	0	0	0	0	0	0	0	
0	0	0	0	0	0	0	0	0	0	0	0	0	0	0	0	0	0	0	0	0	0	0	0	0	0	0	0	0	0	0	0	0	0	0	0	0	0	0	0	0	0	0	0	0	0	0	0	0	0	0	0	0	0	0	0	0	0	0	0	0	0	0	0	192	199	225	221	296	221	226	189	291	199	199	189	291	199	199	189	291	199	199	189	291	199	225	221	296	221	221	221	296	221	199	189	199	189	199	189	0	0	0	0	0	0	0	0	0	0	0	0	0	0	0	0	0	0	0	0	0	0	0	0	0	0	0	0	0	0	0	0	0	0	0	0	0	0	0	0	0	0	0	0	0	0	0	0	0	0	0	0	0	0	0	0	0	0	0	0	0	0	0	0	0	0	0	0	0	0	0	0	0	0	0	0	0	0	0	0	0	0	0	0	0	0	0	0	0	0	0	0	
0	0	0	0	0	0	0	0	0	0	0	0	0	0	0	0	0	0	0	0	0	0	0	0	0	0	0	0	0	0	0	0	0	0	0	0	0	0	0	0	0	0	0	0	0	0	0	0	0	0	0	0	0	0	0	0	0	0	0	0	0	0	0	0	189	190	225	221	296	221	228	213	294	213	213	213	294	213	213	213	294	213	213	213	294	213	227	221	296	221	221	221	296	221	191	192	191	192	191	192	0	0	0	0	0	0	0	0	0	0	0	0	0	0	0	0	0	0	0	0	0	0	0	0	0	0	0	0	0	0	0	0	0	0	0	0	0	0	0	0	0	0	0	0	0	0	0	0	0	0	0	0	0	0	0	0	0	0	0	0	0	0	0	0	0	0	0	0	0	0	0	0	0	0	0	0	0	0	0	0	0	0	0	0	0	0	0	0	0	0	0	0	
0	0	0	0	0	0	0	0	0	0	0	0	0	0	0	0	0	0	0	0	0	0	0	0	0	0	0	0	0	0	0	0	0	0	0	0	0	0	0	0	0	0	0	0	0	0	0	0	0	0	0	0	0	0	0	0	0	0	0	0	0	0	0	0	192	199	219	220	314	220	221	221	296	221	221	221	296	221	221	221	296	221	221	221	296	221	221	221	296	221	221	221	296	221	199	189	199	189	199	189	0	0	0	0	0	0	0	0	0	0	0	0	0	0	0	0	0	0	0	0	0	0	0	0	0	0	0	0	0	0	0	0	0	0	0	0	0	0	0	0	0	0	0	0	0	0	0	0	0	0	0	0	0	0	0	0	0	0	0	0	0	0	0	0	0	0	0	0	0	0	0	0	0	0	0	0	0	0	0	0	0	0	0	0	0	0	0	0	0	0	0	0	
0	0	0	0	0	0	0	0	0	0	0	0	0	0	0	0	0	0	0	0	0	0	0	0	0	0	0	0	0	0	0	0	0	0	0	0	0	0	0	0	0	0	0	0	0	0	0	0	0	0	0	0	0	0	0	0	0	0	0	0	0	0	0	0	189	190	191	192	189	190	222	221	296	221	221	221	296	221	221	221	296	221	221	221	296	221	221	221	296	221	221	221	296	221	191	192	191	192	191	192	0	0	0	0	0	0	0	0	0	0	0	0	0	0	0	0	0	0	0	0	0	0	0	0	0	0	0	0	0	0	0	0	0	0	0	0	0	0	0	0	0	0	0	0	0	0	0	0	0	0	0	0	0	0	0	0	0	0	0	0	0	0	0	0	0	0	0	0	0	0	0	0	0	0	0	0	0	0	0	0	0	0	0	0	0	0	0	0	0	0	0	0	
0	0	0	0	0	0	0	0	0	0	0	0	0	0	0	0	0	0	0	0	0	0	0	0	0	0	0	0	0	0	0	0	0	0	0	0	0	0	0	0	0	0	0	0	0	0	0	0	0	0	0	0	0	0	0	0	0	0	0	0	0	0	0	0	192	199	199	189	291	199	225	221	296	221	221	221	296	221	221	221	296	221	221	221	296	221	221	221	296	221	221	221	296	221	199	189	199	189	199	189	0	0	0	0	0	0	0	0	0	0	0	0	0	0	0	0	0	0	0	0	0	0	0	0	0	0	0	0	0	0	0	0	0	0	0	0	0	0	0	0	0	0	0	0	0	0	0	0	0	0	0	0	0	0	0	0	0	0	0	0	0	0	0	0	0	0	0	0	0	0	0	0	0	0	0	0	0	0	0	0	0	0	0	0	0	0	0	0	0	0	0	0	
0	0	0	0	0	0	0	0	0	0	0	0	0	0	0	0	0	0	0	0	0	0	0	0	0	0	0	0	0	0	0	0	0	0	0	0	0	0	0	0	0	0	0	0	0	0	0	0	0	0	0	0	0	0	0	0	0	0	0	0	0	0	0	0	189	190	212	213	294	213	227	221	296	221	221	221	296	221	221	221	296	221	221	221	296	221	221	221	296	221	221	221	296	221	191	192	191	192	191	192	0	0	0	0	0	0	0	0	0	0	0	0	0	0	0	0	0	0	0	0	0	0	0	0	0	0	0	0	0	0	0	0	0	0	0	0	0	0	0	0	0	0	0	0	0	0	0	0	0	0	0	0	0	0	0	0	0	0	0	0	0	0	0	0	0	0	0	0	0	0	0	0	0	0	0	0	0	0	0	0	0	0	0	0	0	0	0	0	0	0	0	0	
0	0	0	0	0	0	0	0	0	0	0	0	0	0	0	0	0	0	0	0	0	0	0	0	0	0	0	0	0	0	0	0	0	0	0	0	0	0	0	0	0	0	0	0	0	0	0	0	0	0	0	0	0	0	0	0	0	0	0	0	0	0	0	0	192	199	219	220	297	220	220	220	314	220	220	220	314	220	221	221	296	221	220	220	314	220	220	220	314	220	221	221	296	221	199	189	199	189	199	189	0	0	0	0	0	0	0	0	0	0	0	0	0	0	0	0	0	0	0	0	0	0	0	0	0	0	0	0	0	0	0	0	0	0	0	0	0	0	0	0	0	0	0	0	0	0	0	0	0	0	0	0	0	0	0	0	0	0	0	0	0	0	0	0	0	0	0	0	0	0	0	0	0	0	0	0	0	0	0	0	0	0	0	0	0	0	0	0	0	0	0	0	
0	0	0	0	0	0	0	0	0	0	0	0	0	0	0	0	0	0	0	0	0	0	0	0	0	0	0	0	0	0	0	0	0	0	0	0	0	0	0	0	0	0	0	0	0	0	0	0	0	0	0	0	0	0	0	0	0	0	0	0	0	0	0	0	189	190	191	192	189	190	191	192	189	190	191	192	189	190	222	221	296	221	191	192	189	190	191	192	189	190	222	221	296	221	191	192	191	192	191	192	0	0	0	0	0	0	0	0	0	0	0	0	0	0	0	0	0	0	0	0	0	0	0	0	0	0	0	0	0	0	0	0	0	0	0	0	0	0	0	0	0	0	0	0	0	0	0	0	0	0	0	0	0	0	0	0	0	0	0	0	0	0	0	0	0	0	0	0	0	0	0	0	0	0	0	0	0	0	0	0	0	0	0	0	0	0	0	0	0	0	0	0	
0	0	0	0	0	0	0	0	0	0	0	0	0	0	0	0	0	0	0	0	0	0	0	0	0	0	0	0	0	0	0	0	0	0	0	0	0	0	0	0	0	0	0	0	0	0	0	0	0	0	0	0	0	0	0	0	0	0	0	0	0	0	0	0	192	199	199	189	291	199	199	189	291	199	199	189	291	199	225	221	296	221	226	189	291	199	199	189	291	199	225	221	296	221	199	189	199	189	199	189	0	0	0	0	0	0	0	0	0	0	0	0	0	0	0	0	0	0	0	0	0	0	0	0	0	0	0	0	0	0	0	0	0	0	0	0	0	0	0	0	0	0	0	0	0	0	0	0	0	0	0	0	0	0	0	0	0	0	0	0	0	0	0	0	0	0	0	0	0	0	0	0	0	0	0	0	0	0	0	0	0	0	0	0	0	0	0	0	0	0	0	0	
0	0	0	0	0	0	0	0	0	0	0	0	0	0	0	0	0	0	0	0	0	0	0	0	0	0	0	0	0	0	0	0	0	0	0	0	0	0	0	0	0	0	0	0	0	0	0	0	0	0	0	0	0	0	0	0	0	0	0	0	0	0	0	0	189	190	212	213	294	213	213	213	294	213	213	213	294	213	227	221	296	221	228	213	294	213	213	213	294	213	227	221	296	221	191	192	191	192	191	192	0	0	0	0	0	0	0	0	0	0	0	0	0	0	0	0	0	0	0	0	0	0	0	0	0	0	0	0	0	0	0	0	0	0	0	0	0	0	0	0	0	0	0	0	0	0	0	0	0	0	0	0	0	0	0	0	0	0	0	0	0	0	0	0	0	0	0	0	0	0	0	0	0	0	0	0	0	0	0	0	0	0	0	0	0	0	0	0	0	0	0	0	
0	0	0	0	0	0	0	0	0	0	0	0	0	0	0	0	0	0	0	0	0	0	0	0	0	0	0	0	0	0	0	0	0	0	0	0	0	0	0	0	0	0	0	0	0	0	0	0	0	0	0	0	0	0	0	0	0	0	0	0	0	0	0	0	192	199	225	221	296	221	221	221	296	221	221	221	296	221	221	221	296	221	221	221	296	221	221	221	296	221	220	220	314	220	199	189	199	189	199	189	0	0	0	0	0	0	0	0	0	0	0	0	0	0	0	0	0	0	0	0	0	0	0	0	0	0	0	0	0	0	0	0	0	0	0	0	0	0	0	0	0	0	0	0	0	0	0	0	0	0	0	0	0	0	0	0	0	0	0	0	0	0	0	0	0	0	0	0	0	0	0	0	0	0	0	0	0	0	0	0	0	0	0	0	0	0	0	0	0	0	0	0	
0	0	0	0	0	0	0	0	0	0	0	0	0	0	0	0	0	0	0	0	0	0	0	0	0	0	0	0	0	0	0	0	0	0	0	0	0	0	0	0	0	0	0	0	0	0	0	0	0	0	0	0	0	0	0	0	0	0	0	0	0	0	0	0	189	190	225	221	296	221	221	221	296	221	221	221	296	221	221	221	296	221	221	221	296	221	221	221	296	221	191	192	189	190	191	192	191	192	191	192	0	0	0	0	0	0	0	0	0	0	0	0	0	0	0	0	0	0	0	0	0	0	0	0	0	0	0	0	0	0	0	0	0	0	0	0	0	0	0	0	0	0	0	0	0	0	0	0	0	0	0	0	0	0	0	0	0	0	0	0	0	0	0	0	0	0	0	0	0	0	0	0	0	0	0	0	0	0	0	0	0	0	0	0	0	0	0	0	0	0	0	0	
0	0	0	0	0	0	0	0	0	0	0	0	0	0	0	0	0	0	0	0	0	0	0	0	0	0	0	0	0	0	0	0	0	0	0	0	0	0	0	0	0	0	0	0	0	0	0	0	0	0	0	0	0	0	0	0	0	0	0	0	0	0	0	0	192	239	225	221	296	221	221	221	296	221	221	221	296	221	221	221	296	221	221	221	296	221	221	221	296	221	226	189	291	199	199	189	199	189	199	189	0	0	0	0	0	0	0	0	0	0	0	0	0	0	0	0	0	0	0	0	0	0	0	0	0	0	0	0	0	0	0	0	0	0	0	0	0	0	0	0	0	0	0	0	0	0	0	0	0	0	0	0	0	0	0	0	0	0	0	0	0	0	0	0	0	0	0	0	0	0	0	0	0	0	0	0	0	0	0	0	0	0	0	0	0	0	0	0	0	0	0	0	
0	0	0	0	0	0	0	0	0	0	0	0	0	0	0	0	0	0	0	0	0	0	0	0	0	0	0	0	0	0	0	0	0	0	0	0	0	0	0	0	0	0	0	0	0	0	0	0	0	0	0	0	0	0	0	0	0	0	0	0	0	0	0	0	189	190	225	221	296	221	221	221	296	221	221	221	296	221	221	221	296	221	221	221	296	221	221	221	296	221	228	213	294	213	191	192	191	192	191	192	0	0	0	0	0	0	0	0	0	0	0	0	0	0	0	0	0	0	0	0	0	0	0	0	0	0	0	0	0	0	0	0	0	0	0	0	0	0	0	0	0	0	0	0	0	0	0	0	0	0	0	0	0	0	0	0	0	0	0	0	0	0	0	0	0	0	0	0	0	0	0	0	0	0	0	0	0	0	0	0	0	0	0	0	0	0	0	0	0	0	0	0	
0	0	0	0	0	0	0	0	0	0	0	0	0	0	0	0	0	0	0	0	0	0	0	0	0	0	0	0	0	0	0	0	0	0	0	0	0	0	0	0	0	0	0	0	0	0	0	0	0	0	0	0	0	0	0	0	0	0	0	0	0	0	0	0	192	199	225	221	296	221	220	220	314	220	220	220	314	220	220	220	314	220	220	220	314	220	220	220	314	220	221	221	296	221	199	189	199	189	199	189	0	0	0	0	0	0	0	0	0	0	0	0	0	0	0	0	0	0	0	0	0	0	0	0	0	0	0	0	0	0	0	0	0	0	0	0	0	0	0	0	0	0	0	0	0	0	0	0	0	0	0	0	0	0	0	0	0	0	0	0	0	0	0	0	0	0	0	0	0	0	0	0	0	0	0	0	0	0	0	0	0	0	0	0	0	0	0	0	0	0	0	0	
0	0	0	0	0	0	0	0	0	0	0	0	0	0	0	0	0	0	0	0	0	0	0	0	0	0	0	0	0	0	0	0	0	0	0	0	0	0	0	0	0	0	0	0	0	0	0	0	0	0	0	0	0	0	0	0	0	0	0	0	0	0	0	0	189	190	225	221	296	221	191	192	189	190	191	192	189	190	191	192	189	190	191	192	189	190	191	192	189	190	222	221	296	221	191	192	191	192	191	192	0	0	0	0	0	0	0	0	0	0	0	0	0	0	0	0	0	0	0	0	0	0	0	0	0	0	0	0	0	0	0	0	0	0	0	0	0	0	0	0	0	0	0	0	0	0	0	0	0	0	0	0	0	0	0	0	0	0	0	0	0	0	0	0	0	0	0	0	0	0	0	0	0	0	0	0	0	0	0	0	0	0	0	0	0	0	0	0	0	0	0	0	
0	0	0	0	0	0	0	0	0	0	0	0	0	0	0	0	0	0	0	0	0	0	0	0	0	0	0	0	0	0	0	0	0	0	0	0	0	0	0	0	0	0	0	0	0	0	0	0	0	0	0	0	0	0	0	0	0	0	0	0	0	0	0	0	192	199	225	221	296	221	226	189	291	199	199	189	291	199	199	189	190	239	199	189	291	199	199	189	291	199	225	221	296	221	199	189	199	189	199	189	0	0	0	0	0	0	0	0	0	0	0	0	0	0	0	0	0	0	0	0	0	0	0	0	0	0	0	0	0	0	0	0	0	0	0	0	0	0	0	0	0	0	0	0	0	0	0	0	0	0	0	0	0	0	0	0	0	0	0	0	0	0	0	0	0	0	0	0	0	0	0	0	0	0	0	0	0	0	0	0	0	0	0	0	0	0	0	0	0	0	0	0	
0	0	0	0	0	0	0	0	0	0	0	0	0	0	0	0	0	0	0	0	0	0	0	0	0	0	0	0	0	0	0	0	0	0	0	0	0	0	0	0	0	0	0	0	0	0	0	0	0	0	0	0	0	0	0	0	0	0	0	0	0	0	0	0	189	190	225	221	296	221	228	213	294	213	213	213	294	213	213	213	239	239	212	213	294	213	213	213	294	213	227	221	296	221	191	192	191	192	191	192	0	0	0	0	0	0	0	0	0	0	0	0	0	0	0	0	0	0	0	0	0	0	0	0	0	0	0	0	0	0	0	0	0	0	0	0	0	0	0	0	0	0	0	0	0	0	0	0	0	0	0	0	0	0	0	0	0	0	0	0	0	0	0	0	0	0	0	0	0	0	0	0	0	0	0	0	0	0	0	0	0	0	0	0	0	0	0	0	0	0	0	0	
0	0	0	0	0	0	0	0	0	0	0	0	0	0	0	0	0	0	0	0	0	0	0	0	0	0	0	0	0	0	0	0	0	0	0	0	0	0	0	0	0	0	0	0	0	0	0	0	0	0	0	0	0	0	0	0	0	0	0	0	0	0	0	0	192	199	219	220	314	220	221	221	296	221	221	221	296	221	221	221	239	239	225	221	296	221	221	221	296	221	220	220	314	220	199	189	199	189	199	189	0	0	0	0	0	0	0	0	0	0	0	0	0	0	0	0	0	0	0	0	0	0	0	0	0	0	0	0	0	0	0	0	0	0	0	0	0	0	0	0	0	0	0	0	0	0	0	0	0	0	0	0	0	0	0	0	0	0	0	0	0	0	0	0	0	0	0	0	0	0	0	0	0	0	0	0	0	0	0	0	0	0	0	0	0	0	0	0	0	0	0	0	
0	0	0	0	0	0	0	0	0	0	0	0	0	0	0	0	0	0	0	0	0	0	0	0	0	0	0	0	0	0	0	0	0	0	0	0	0	0	0	0	0	0	0	0	0	0	0	0	0	0	0	0	0	0	0	0	0	0	0	0	0	0	0	0	189	190	191	192	189	190	222	221	296	221	221	221	296	221	221	221	239	239	225	221	296	221	221	221	296	221	191	192	189	190	191	192	191	192	191	192	0	0	0	0	0	0	0	0	0	0	0	0	0	0	0	0	0	0	0	0	0	0	0	0	0	0	0	0	0	0	0	0	0	0	0	0	0	0	0	0	0	0	0	0	0	0	0	0	0	0	0	0	0	0	0	0	0	0	0	0	0	0	0	0	0	0	0	0	0	0	0	0	0	0	0	0	0	0	0	0	0	0	0	0	0	0	0	0	0	0	0	0	
0	0	0	0	0	0	0	0	0	0	0	0	0	0	0	0	0	0	0	0	0	0	0	0	0	0	0	0	0	0	0	0	0	0	0	0	0	0	0	0	0	0	0	0	0	0	0	0	0	0	0	0	0	0	0	0	0	0	0	0	0	0	0	0	192	199	199	189	291	199	225	221	296	221	221	221	296	221	221	221	239	239	225	221	296	221	221	221	296	221	226	189	291	199	199	189	199	189	199	189	0	0	0	0	0	0	0	0	0	0	0	0	0	0	0	0	0	0	0	0	0	0	0	0	0	0	0	0	0	0	0	0	0	0	0	0	0	0	0	0	0	0	0	0	0	0	0	0	0	0	0	0	0	0	0	0	0	0	0	0	0	0	0	0	0	0	0	0	0	0	0	0	0	0	0	0	0	0	0	0	0	0	0	0	0	0	0	0	0	0	0	0	
0	0	0	0	0	0	0	0	0	0	0	0	0	0	0	0	0	0	0	0	0	0	0	0	0	0	0	0	0	0	0	0	0	0	0	0	0	0	0	0	0	0	0	0	0	0	0	0	0	0	0	0	0	0	0	0	0	0	0	0	0	0	0	0	189	190	212	213	294	213	227	221	296	221	221	221	296	221	221	221	323	323	225	221	296	221	221	221	296	221	228	213	294	213	191	192	191	192	191	192	0	0	0	0	0	0	0	0	0	0	0	0	0	0	0	0	0	0	0	0	0	0	0	0	0	0	0	0	0	0	0	0	0	0	0	0	0	0	0	0	0	0	0	0	0	0	0	0	0	0	0	0	0	0	0	0	0	0	0	0	0	0	0	0	0	0	0	0	0	0	0	0	0	0	0	0	0	0	0	0	0	0	0	0	0	0	0	0	0	0	0	0	
0	0	0	0	0	0	0	0	0	0	0	0	0	0	0	0	0	0	0	0	0	0	0	0	0	0	0	0	0	0	0	0	0	0	0	0	0	0	0	0	0	0	0	0	0	0	0	0	0	0	0	0	0	0	0	0	0	0	0	0	0	0	0	0	192	199	225	221	296	221	220	220	314	220	221	221	296	221	220	220	155	155	219	220	314	220	220	220	314	220	221	221	296	221	199	189	199	189	199	189	0	0	0	0	0	0	0	0	0	0	0	0	0	0	0	0	0	0	0	0	0	0	0	0	0	0	0	0	0	0	0	0	0	0	0	0	0	0	0	0	0	0	0	0	0	0	0	0	0	0	0	0	0	0	0	0	0	0	0	0	0	0	0	0	0	0	0	0	0	0	0	0	0	0	0	0	0	0	0	0	0	0	0	0	0	0	0	0	0	0	0	0	
0	0	0	0	0	0	0	0	0	0	0	0	0	0	0	0	0	0	0	0	0	0	0	0	0	0	0	0	0	0	0	0	0	0	0	0	0	0	0	0	0	0	0	0	0	0	0	0	0	0	0	0	0	0	0	0	0	0	0	0	0	0	0	0	189	190	225	221	296	221	191	192	189	190	222	221	296	221	191	192	189	190	191	192	189	190	191	192	189	190	222	221	296	221	191	192	191	192	191	192	0	0	0	0	0	0	0	0	0	0	0	0	0	0	0	0	0	0	0	0	0	0	0	0	0	0	0	0	0	0	0	0	0	0	0	0	0	0	0	0	0	0	0	0	0	0	0	0	0	0	0	0	0	0	0	0	0	0	0	0	0	0	0	0	0	0	0	0	0	0	0	0	0	0	0	0	0	0	0	0	0	0	0	0	0	0	0	0	0	0	0	0	
0	0	0	0	0	0	0	0	0	0	0	0	0	0	0	0	0	0	0	0	0	0	0	0	0	0	0	0	0	0	0	0	0	0	0	0	0	0	0	0	0	0	0	0	0	0	0	0	0	0	0	0	0	0	0	0	0	0	0	0	0	0	0	0	192	199	225	221	296	221	226	189	291	199	225	221	296	221	226	189	291	199	199	189	190	239	199	189	291	199	225	221	296	221	199	189	199	189	199	189	0	0	0	0	0	0	0	0	0	0	0	0	0	0	0	0	0	0	0	0	0	0	0	0	0	0	0	0	0	0	0	0	0	0	0	0	0	0	0	0	0	0	0	0	0	0	0	0	0	0	0	0	0	0	0	0	0	0	0	0	0	0	0	0	0	0	0	0	0	0	0	0	0	0	0	0	0	0	0	0	0	0	0	0	0	0	0	0	0	0	0	0	
0	0	0	0	0	0	0	0	0	0	0	0	0	0	0	0	0	0	0	0	0	0	0	0	0	0	0	0	0	0	0	0	0	0	0	0	0	0	0	0	0	0	0	0	0	0	0	0	0	0	0	0	0	0	0	0	0	0	0	0	0	0	0	0	189	190	225	221	296	221	228	213	294	213	227	221	296	221	228	213	294	213	213	213	239	239	212	213	294	213	227	221	296	221	191	192	191	192	191	192	0	0	0	0	0	0	0	0	0	0	0	0	0	0	0	0	0	0	0	0	0	0	0	0	0	0	0	0	0	0	0	0	0	0	0	0	0	0	0	0	0	0	0	0	0	0	0	0	0	0	0	0	0	0	0	0	0	0	0	0	0	0	0	0	0	0	0	0	0	0	0	0	0	0	0	0	0	0	0	0	0	0	0	0	0	0	0	0	0	0	0	0	
0	0	0	0	0	0	0	0	0	0	0	0	0	0	0	0	0	0	0	0	0	0	0	0	0	0	0	0	0	0	0	0	0	0	0	0	0	0	0	0	0	0	0	0	0	0	0	0	0	0	0	0	0	0	0	0	0	0	0	0	0	0	0	0	192	199	219	220	314	220	220	220	297	220	220	220	314	220	221	221	296	221	221	221	239	239	225	221	296	221	220	220	314	220	199	189	199	189	199	189	0	0	0	0	0	0	0	0	0	0	0	0	0	0	0	0	0	0	0	0	0	0	0	0	0	0	0	0	0	0	0	0	0	0	0	0	0	0	0	0	0	0	0	0	0	0	0	0	0	0	0	0	0	0	0	0	0	0	0	0	0	0	0	0	0	0	0	0	0	0	0	0	0	0	0	0	0	0	0	0	0	0	0	0	0	0	0	0	0	0	0	0	
0	0	0	0	0	0	0	0	0	0	0	0	0	0	0	0	0	0	0	0	0	0	0	0	0	0	0	0	0	0	0	0	0	0	0	0	0	0	0	0	0	0	0	0	0	0	0	0	0	0	0	0	0	0	0	0	0	0	0	0	0	0	0	0	189	190	191	192	189	190	191	192	189	190	191	192	189	190	222	221	296	221	221	221	239	239	225	221	296	221	191	192	189	190	191	192	191	192	191	192	0	0	0	0	0	0	0	0	0	0	0	0	0	0	0	0	0	0	0	0	0	0	0	0	0	0	0	0	0	0	0	0	0	0	0	0	0	0	0	0	0	0	0	0	0	0	0	0	0	0	0	0	0	0	0	0	0	0	0	0	0	0	0	0	0	0	0	0	0	0	0	0	0	0	0	0	0	0	0	0	0	0	0	0	0	0	0	0	0	0	0	0	
0	0	0	0	0	0	0	0	0	0	0	0	0	0	0	0	0	0	0	0	0	0	0	0	0	0	0	0	0	0	0	0	0	0	0	0	0	0	0	0	0	0	0	0	0	0	0	0	0	0	0	0	0	0	0	0	0	0	0	0	0	0	0	0	192	199	199	189	291	199	199	189	291	199	199	189	291	199	225	221	296	221	221	221	239	239	225	221	296	221	226	189	291	199	199	189	199	189	199	189	0	0	0	0	0	0	0	0	0	0	0	0	0	0	0	0	0	0	0	0	0	0	0	0	0	0	0	0	0	0	0	0	0	0	0	0	0	0	0	0	0	0	0	0	0	0	0	0	0	0	0	0	0	0	0	0	0	0	0	0	0	0	0	0	0	0	0	0	0	0	0	0	0	0	0	0	0	0	0	0	0	0	0	0	0	0	0	0	0	0	0	0	
0	0	0	0	0	0	0	0	0	0	0	0	0	0	0	0	0	0	0	0	0	0	0	0	0	0	0	0	0	0	0	0	0	0	0	0	0	0	0	0	0	0	0	0	0	0	0	0	0	0	0	0	0	0	0	0	0	0	0	0	0	0	0	0	189	190	212	213	294	213	213	213	294	213	213	213	294	213	227	221	296	221	221	221	323	323	225	221	296	221	228	213	294	213	191	192	191	192	191	192	0	0	0	0	0	0	0	0	0	0	0	0	0	0	0	0	0	0	0	0	0	0	0	0	0	0	0	0	0	0	0	0	0	0	0	0	0	0	0	0	0	0	0	0	0	0	0	0	0	0	0	0	0	0	0	0	0	0	0	0	0	0	0	0	0	0	0	0	0	0	0	0	0	0	0	0	0	0	0	0	0	0	0	0	0	0	0	0	0	0	0	0	
0	0	0	0	0	0	0	0	0	0	0	0	0	0	0	0	0	0	0	0	0	0	0	0	0	0	0	0	0	0	0	0	0	0	0	0	0	0	0	0	0	0	0	0	0	0	0	0	0	0	0	0	0	0	0	0	0	0	0	0	0	0	0	0	192	199	225	221	296	221	221	221	296	221	220	220	297	220	220	220	314	220	220	220	155	155	219	220	314	220	221	221	296	221	199	189	199	189	199	189	0	0	0	0	0	0	0	0	0	0	0	0	0	0	0	0	0	0	0	0	0	0	0	0	0	0	0	0	0	0	0	0	0	0	0	0	0	0	0	0	0	0	0	0	0	0	0	0	0	0	0	0	0	0	0	0	0	0	0	0	0	0	0	0	0	0	0	0	0	0	0	0	0	0	0	0	0	0	0	0	0	0	0	0	0	0	0	0	0	0	0	0	
0	0	0	0	0	0	0	0	0	0	0	0	0	0	0	0	0	0	0	0	0	0	0	0	0	0	0	0	0	0	0	0	0	0	0	0	0	0	0	0	0	0	0	0	0	0	0	0	0	0	0	0	0	0	0	0	0	0	0	0	0	0	0	0	189	190	225	221	296	221	221	221	296	221	191	192	189	190	191	192	189	190	191	192	189	190	191	192	189	190	222	221	296	221	191	192	191	192	191	192	0	0	0	0	0	0	0	0	0	0	0	0	0	0	0	0	0	0	0	0	0	0	0	0	0	0	0	0	0	0	0	0	0	0	0	0	0	0	0	0	0	0	0	0	0	0	0	0	0	0	0	0	0	0	0	0	0	0	0	0	0	0	0	0	0	0	0	0	0	0	0	0	0	0	0	0	0	0	0	0	0	0	0	0	0	0	0	0	0	0	0	0	
0	0	0	0	0	0	0	0	0	0	0	0	0	0	0	0	0	0	0	0	0	0	0	0	0	0	0	0	0	0	0	0	0	0	0	0	0	0	0	0	0	0	0	0	0	0	0	0	0	0	0	0	0	0	0	0	0	0	0	0	0	0	0	0	192	199	225	221	296	221	221	221	296	221	226	189	291	199	199	189	190	239	199	189	291	199	199	189	291	199	225	221	296	221	199	189	199	189	199	189	0	0	0	0	0	0	0	0	0	0	0	0	0	0	0	0	0	0	0	0	0	0	0	0	0	0	0	0	0	0	0	0	0	0	0	0	0	0	0	0	0	0	0	0	0	0	0	0	0	0	0	0	0	0	0	0	0	0	0	0	0	0	0	0	0	0	0	0	0	0	0	0	0	0	0	0	0	0	0	0	0	0	0	0	0	0	0	0	0	0	0	0	
0	0	0	0	0	0	0	0	0	0	0	0	0	0	0	0	0	0	0	0	0	0	0	0	0	0	0	0	0	0	0	0	0	0	0	0	0	0	0	0	0	0	0	0	0	0	0	0	0	0	0	0	0	0	0	0	0	0	0	0	0	0	0	0	189	190	225	221	296	221	221	221	296	221	228	213	294	213	213	213	239	239	212	213	294	213	213	213	294	213	227	221	296	221	191	192	191	192	191	192	0	0	0	0	0	0	0	0	0	0	0	0	0	0	0	0	0	0	0	0	0	0	0	0	0	0	0	0	0	0	0	0	0	0	0	0	0	0	0	0	0	0	0	0	0	0	0	0	0	0	0	0	0	0	0	0	0	0	0	0	0	0	0	0	0	0	0	0	0	0	0	0	0	0	0	0	0	0	0	0	0	0	0	0	0	0	0	0	0	0	0	0	
339	339	339	339	339	339	339	339	339	339	339	339	339	339	339	339	339	339	339	339	339	339	339	339	339	339	339	339	339	339	339	339	339	339	339	339	339	339	339	339	339	339	339	339	339	339	339	339	339	339	339	339	339	339	339	339	339	339	339	339	339	339	339	339	192	199	219	220	314	220	220	220	314	220	221	221	296	221	221	221	239	239	225	221	296	221	221	221	296	221	220	220	314	220	199	189	199	189	199	189	0	0	0	0	0	0	0	0	0	0	0	0	0	0	0	0	0	0	0	0	0	0	0	0	0	0	0	0	0	0	0	0	0	0	0	0	0	0	0	0	0	0	0	0	0	0	0	0	0	0	0	0	0	0	0	0	0	0	0	0	0	0	0	0	0	0	0	0	0	0	0	0	0	0	0	0	0	0	0	0	0	0	0	0	0	0	0	0	0	0	0	0	
285	285	285	285	285	285	285	285	285	285	285	285	285	285	285	285	285	285	285	285	285	285	285	285	285	285	285	285	285	285	285	285	285	285	285	285	285	285	285	285	285	285	285	285	285	285	285	285	285	285	285	285	285	285	285	285	285	285	285	285	285	285	285	285	189	190	191	192	189	190	191	288	289	190	222	221	296	221	221	221	239	239	225	221	296	221	221	221	296	221	191	192	189	190	191	192	191	192	191	192	0	0	0	0	0	0	0	0	0	0	0	0	0	0	0	0	0	0	0	0	0	0	0	0	0	0	0	0	0	0	0	0	0	0	0	0	0	0	0	0	0	0	0	0	0	0	0	0	0	0	0	0	0	0	0	0	0	0	0	0	0	0	0	0	0	0	0	0	0	0	0	0	0	0	0	0	0	0	0	0	0	0	0	0	0	0	0	0	0	0	0	0	
285	285	285	285	285	285	285	285	285	285	285	285	285	285	285	285	285	285	285	285	285	285	285	285	285	285	285	285	285	285	285	285	285	285	285	285	285	285	285	285	285	285	285	285	285	285	285	285	285	285	285	285	285	285	285	285	285	285	285	285	285	285	285	285	192	199	199	189	291	199	199	292	293	199	225	221	296	221	221	221	239	239	225	221	296	221	221	221	296	221	226	189	291	199	199	189	199	189	199	189	0	0	0	0	0	0	0	0	0	0	0	0	0	0	0	0	0	0	0	0	0	0	0	0	0	0	0	0	0	0	0	0	0	0	0	0	0	0	0	0	0	0	0	0	0	0	0	0	0	0	0	0	0	0	0	0	0	0	0	0	0	0	0	0	0	0	0	0	0	0	0	0	0	0	0	0	0	0	0	0	0	0	0	0	0	0	0	0	0	0	0	0	
285	285	285	285	285	285	285	285	285	285	285	285	285	285	285	285	285	285	285	285	285	285	285	285	285	285	285	285	285	285	285	285	285	285	285	285	285	285	285	285	285	285	285	285	285	285	285	285	285	285	285	285	285	285	285	285	285	285	285	285	285	285	285	285	189	190	212	213	294	213	213	213	294	213	227	221	296	221	221	221	323	323	225	221	296	221	221	221	296	221	228	213	294	213	191	192	191	192	191	192	0	0	0	0	0	0	0	0	0	0	0	0	0	0	0	0	0	0	0	0	0	0	0	0	0	0	0	0	0	0	0	0	0	0	0	0	0	0	0	0	0	0	0	0	0	0	0	0	0	0	0	0	0	0	0	0	0	0	0	0	0	0	0	0	0	0	0	0	0	0	0	0	0	0	0	0	0	0	0	0	0	0	0	0	0	0	0	0	0	0	0	0	
340	341	342	343	344	342	342	343	344	342	342	343	344	342	342	343	344	342	342	343	344	342	342	343	344	342	342	343	344	342	342	343	344	342	342	343	344	342	342	343	344	342	342	343	344	342	342	343	344	342	342	343	344	342	342	343	344	342	342	340	345	346	347	347	192	199	225	221	296	221	220	220	297	220	220	220	314	220	220	220	155	155	219	220	314	220	220	220	314	220	221	221	296	221	199	189	199	189	199	189	0	0	0	0	0	0	0	0	0	0	0	0	0	0	0	0	0	0	0	0	0	0	0	0	0	0	0	0	0	0	0	0	0	0	0	0	0	0	0	0	0	0	0	0	0	0	0	0	0	0	0	0	0	0	0	0	0	0	0	0	0	0	0	0	0	0	0	0	0	0	0	0	0	0	0	0	0	0	0	0	0	0	0	0	0	0	0	0	0	0	0	0	
348	349	350	351	352	353	350	354	355	353	350	351	352	353	350	354	355	353	350	354	355	353	350	351	352	353	350	351	352	353	350	354	355	353	350	351	352	353	350	354	355	353	350	351	352	353	350	351	352	353	350	354	355	353	350	354	355	353	350	348	356	357	358	358	189	190	225	221	296	221	191	192	189	190	191	192	189	190	191	192	189	190	191	192	189	190	191	192	189	190	222	221	296	221	191	192	191	192	191	192	0	0	0	0	0	0	0	0	0	0	0	0	0	0	0	0	0	0	0	0	0	0	0	0	0	0	0	0	0	0	0	0	0	0	0	0	0	0	0	0	0	0	0	0	0	0	0	0	0	0	0	0	0	0	0	0	0	0	0	0	0	0	0	0	0	0	0	0	0	0	0	0	0	0	0	0	0	0	0	0	0	0	0	0	0	0	0	0	0	0	0	0	
359	360	361	362	363	364	361	365	366	364	361	362	363	364	361	367	368	364	361	365	366	364	361	362	363	364	361	362	363	364	361	365	366	364	361	362	363	364	361	367	368	364	361	362	363	364	361	362	363	364	361	365	366	364	361	367	368	364	361	359	369	370	371	371	192	199	225	221	296	221	226	189	291	199	199	189	291	199	199	189	291	199	199	189	190	239	199	189	291	199	225	221	296	221	199	189	199	189	199	189	0	0	0	0	0	0	0	0	0	0	0	0	0	0	0	0	0	0	0	0	0	0	0	0	0	0	0	0	0	0	0	0	0	0	0	0	0	0	0	0	0	0	0	0	0	0	0	0	0	0	0	0	0	0	0	0	0	0	0	0	0	0	0	0	0	0	0	0	0	0	0	0	0	0	0	0	0	0	0	0	0	0	0	0	0	0	0	0	0	0	0	0	
359	360	361	372	350	373	361	362	363	364	361	372	350	373	361	367	368	364	361	362	363	364	361	372	350	373	361	372	350	373	361	362	363	364	361	372	350	373	361	367	368	364	361	372	350	373	361	372	350	373	361	362	363	364	361	367	368	364	361	359	374	370	371	371	189	190	225	221	296	221	228	213	294	213	213	213	294	213	213	213	294	213	213	213	239	239	212	213	294	213	227	221	296	221	191	192	191	192	191	192	0	0	0	0	0	0	0	0	0	0	0	0	0	0	0	0	0	0	0	0	0	0	0	0	0	0	0	0	0	0	0	0	0	0	0	0	0	0	0	0	0	0	0	0	0	0	0	0	0	0	0	0	0	0	0	0	0	0	0	0	0	0	0	0	0	0	0	0	0	0	0	0	0	0	0	0	0	0	0	0	0	0	0	0	0	0	0	0	0	0	0	0	
375	376	361	361	361	361	361	372	350	373	361	361	361	361	361	365	366	364	361	372	350	373	361	361	361	361	361	361	361	361	361	372	350	373	361	361	361	361	361	365	366	364	361	361	361	361	361	361	361	361	361	372	350	373	361	365	366	364	361	359	354	370	371	371	192	199	219	220	314	220	221	221	296	221	221	221	296	221	221	221	296	221	221	221	239	239	225	221	296	221	220	220	314	220	199	189	199	189	199	189	0	0	0	0	0	0	0	0	0	0	0	0	0	0	0	0	0	0	0	0	0	0	0	0	0	0	0	0	0	0	0	0	0	0	0	0	0	0	0	0	0	0	0	0	0	0	0	0	0	0	0	0	0	0	0	0	0	0	0	0	0	0	0	0	0	0	0	0	0	0	0	0	0	0	0	0	0	0	0	0	0	0	0	0	0	0	0	0	0	0	0	0	
348	349	361	361	361	361	361	361	361	361	361	361	361	361	361	362	363	364	361	361	361	361	361	361	361	361	361	361	361	361	361	361	361	361	361	361	361	361	361	362	363	364	361	361	361	361	361	361	361	361	361	361	361	361	361	362	363	364	361	359	377	370	371	371	189	190	191	192	189	190	222	221	296	221	221	221	296	221	221	221	296	221	221	221	239	239	225	221	296	221	191	192	189	190	191	192	191	192	191	192	0	0	0	0	0	0	0	0	0	0	0	0	0	0	0	0	0	0	0	0	0	0	0	0	0	0	0	0	0	0	0	0	0	0	0	0	0	0	0	0	0	0	0	0	0	0	0	0	0	0	0	0	0	0	0	0	0	0	0	0	0	0	0	0	0	0	0	0	0	0	0	0	0	0	0	0	0	0	0	0	0	0	0	0	0	0	0	0	0	0	0	0	
359	360	378	379	380	381	381	381	381	381	381	381	381	381	381	382	383	384	381	381	381	381	381	381	381	381	381	381	381	381	381	381	381	381	381	381	381	381	381	382	383	384	381	381	381	381	381	381	381	381	381	381	381	381	381	382	383	384	381	359	385	370	371	371	192	199	223	224	192	199	225	221	296	221	221	221	296	221	221	221	296	221	221	221	239	239	225	221	296	221	226	189	302	303	199	189	199	189	199	189	0	0	0	0	0	0	0	0	0	0	0	0	0	0	0	0	0	0	0	0	0	0	0	0	0	0	0	0	0	0	0	0	0	0	0	0	0	0	0	0	0	0	0	0	0	0	0	0	0	0	0	0	0	0	0	0	0	0	0	0	0	0	0	0	0	0	0	0	0	0	0	0	0	0	0	0	0	0	0	0	0	0	0	0	0	0	0	0	0	0	0	0	
359	360	386	387	388	389	389	389	389	389	389	389	389	389	389	389	389	389	389	389	389	389	389	389	389	389	389	389	389	389	389	389	389	389	389	389	389	389	389	389	389	389	389	389	389	389	389	389	389	389	389	389	389	389	389	389	389	389	389	359	390	370	371	371	189	190	142	143	212	213	227	221	296	221	221	221	296	221	221	221	296	221	221	221	323	323	225	221	296	221	228	213	65	66	191	192	191	192	191	192	0	0	0	0	0	0	0	0	0	0	0	0	0	0	0	0	0	0	0	0	0	0	0	0	0	0	0	0	0	0	0	0	0	0	0	0	0	0	0	0	0	0	0	0	0	0	0	0	0	0	0	0	0	0	0	0	0	0	0	0	0	0	0	0	0	0	0	0	0	0	0	0	0	0	0	0	0	0	0	0	0	0	0	0	0	0	0	0	0	0	0	0	
391	392	393	394	395	394	396	396	396	396	396	396	396	396	396	396	396	396	396	394	97	97	97	97	397	396	396	396	396	396	396	394	97	97	97	97	397	396	396	396	396	396	396	394	97	97	97	97	397	396	396	396	396	396	396	396	396	396	396	398	399	400	401	401	192	199	144	145	219	220	220	220	314	220	221	221	296	221	220	220	314	220	220	220	155	155	219	220	314	220	220	220	77	78	199	189	199	189	199	189	0	0	0	0	0	0	0	0	0	0	0	0	0	0	0	0	0	0	0	0	0	0	0	0	0	0	0	0	0	0	0	0	0	0	0	0	0	0	0	0	0	0	0	0	0	0	0	0	0	0	0	0	0	0	0	0	0	0	0	0	0	0	0	0	0	0	0	0	0	0	0	0	0	0	0	0	0	0	0	0	0	0	0	0	0	0	0	0	0	0	0	0	
402	403	404	405	402	403	404	405	402	403	404	405	402	403	404	405	402	403	404	406	97	97	97	97	407	403	404	405	402	403	404	406	97	97	97	97	407	403	404	405	402	403	404	406	97	97	97	97	407	403	404	405	402	403	404	405	402	403	404	405	402	403	404	405	189	190	191	192	189	190	191	192	189	190	222	221	296	221	191	192	189	190	191	192	189	190	191	192	189	190	191	192	189	190	191	192	191	192	191	192	0	0	0	0	0	0	0	0	0	0	0	0	0	0	0	0	0	0	0	0	0	0	0	0	0	0	0	0	0	0	0	0	0	0	0	0	0	0	0	0	0	0	0	0	0	0	0	0	0	0	0	0	0	0	0	0	0	0	0	0	0	0	0	0	0	0	0	0	0	0	0	0	0	0	0	0	0	0	0	0	0	0	0	0	0	0	0	0	0	0	0	0	
408	409	410	97	408	409	410	97	408	409	410	97	408	409	410	97	408	409	410	97	97	97	97	97	408	409	410	97	408	409	410	97	97	97	97	97	408	409	410	97	408	409	410	97	97	97	97	97	408	409	410	97	408	409	410	97	408	409	410	97	408	409	410	97	192	199	199	189	291	199	199	189	291	199	225	221	296	221	226	189	291	199	199	189	291	199	199	189	291	199	199	189	291	199	199	189	199	189	199	189	0	0	0	0	0	0	0	0	0	0	0	0	0	0	0	0	0	0	0	0	0	0	0	0	0	0	0	0	0	0	0	0	0	0	0	0	0	0	0	0	0	0	0	0	0	0	0	0	0	0	0	0	0	0	0	0	0	0	0	0	0	0	0	0	0	0	0	0	0	0	0	0	0	0	0	0	0	0	0	0	0	0	0	0	0	0	0	0	0	0	0	0	
97	411	97	97	97	411	97	97	97	411	97	97	97	411	97	97	97	411	97	97	97	97	97	97	97	411	97	97	97	411	97	97	97	97	97	97	97	411	97	97	97	411	97	97	97	97	97	97	97	411	97	97	97	411	97	97	97	411	97	97	97	411	97	97	189	190	212	213	294	213	213	213	294	213	227	221	296	221	228	213	294	213	213	213	294	213	213	213	294	213	213	213	294	213	191	192	191	192	191	192	0	0	0	0	0	0	0	0	0	0	0	0	0	0	0	0	0	0	0	0	0	0	0	0	0	0	0	0	0	0	0	0	0	0	0	0	0	0	0	0	0	0	0	0	0	0	0	0	0	0	0	0	0	0	0	0	0	0	0	0	0	0	0	0	0	0	0	0	0	0	0	0	0	0	0	0	0	0	0	0	0	0	0	0	0	0	0	0	0	0	0	0	
412	413	412	412	412	413	412	412	412	413	412	412	412	413	412	412	412	413	412	412	412	412	412	412	412	413	412	412	412	413	412	412	412	412	412	412	412	413	412	412	412	413	412	412	412	412	412	412	412	413	412	412	412	413	412	412	412	413	412	412	412	413	412	412	192	199	219	220	297	220	220	220	297	220	220	220	314	220	220	220	297	220	220	220	297	220	220	220	297	220	220	220	297	220	199	189	199	189	199	189	0	0	0	0	0	0	0	0	0	0	0	0	0	0	0	0	0	0	0	0	0	0	0	0	0	0	0	0	0	0	0	0	0	0	0	0	0	0	0	0	0	0	0	0	0	0	0	0	0	0	0	0	0	0	0	0	0	0	0	0	0	0	0	0	0	0	0	0	0	0	0	0	0	0	0	0	0	0	0	0	0	0	0	0	0	0	0	0	0	0	0	0	
414	414	414	414	414	414	414	414	414	414	414	414	414	414	414	414	414	414	414	414	414	414	414	414	414	414	414	414	414	414	414	414	414	414	414	414	414	414	414	414	414	414	414	414	414	414	414	414	414	414	414	414	414	414	414	414	414	414	414	414	414	414	414	414	415	416	415	416	415	416	415	416	415	416	415	416	415	416	415	416	415	416	415	416	415	416	415	416	415	416	415	416	415	416	415	416	415	416	415	416	417	417	417	417	417	417	417	417	417	417	417	417	417	417	417	417	417	417	417	417	417	417	417	417	417	417	417	417	417	417	417	417	417	417	417	417	417	417	417	417	417	417	417	417	417	417	417	417	417	417	417	417	417	417	417	417	417	417	417	417	417	417	417	417	417	417	417	417	417	417	417	417	417	417	417	417	417	417	417	417	417	417	417	417	417	417	417	417	417	417	417	417	
