654
-1	0	0	2959	320	16	0
-1	0	384	2960	128	16	0
-1	0	576	2960	128	16	0
-1	0	768	2960	416	16	0
-1	0	1024	1712	32	1397	0
-1	0	976	2831	49	128	0
-1	0	287	3024	113	16	0
-1	0	274	2975	14	52	0
-1	0	311	3063	0	0	0
-1	0	399	2976	12	48	0
-1	0	410	3055	0	0	0
-1	0	479	3024	114	10	0
-1	0	474	2976	6	48	0
-1	0	592	2976	5	49	0
-1	0	590	3064	0	0	0
-1	0	668	2976	4	58	0
-1	0	671	3023	114	10	0
-1	0	784	2976	4	50	0
-1	0	783	3067	0	0	0
-1	0	23	2862	8	98	0
-1	0	67	3058	0	0	0
-1	0	47	2831	33	33	0
-1	0	240	2833	31	78	0
-1	0	177	2832	31	32	0
-1	0	216	2970	0	0	0
-1	0	497	2863	30	16	0
-1	0	627	2834	29	78	0
-1	0	881	2847	31	65	0
-1	0	835	3015	0	0	0
-1	0	3	2841	1	0	0
-1	0	16	2831	16	128	0
-1	0	-33	2948	0	0	0
-2	4	967	2919	9	41	5	PlayerX	1085	PlyerY	2939	CameraX	1024	CameraY	2800	NextSpace	1
-1	0	1055	2975	0	0	0
-1	0	1086	2968	0	0	0
-1	0	1035	2975	0	0	0
-1	0	1061	2912	0	0	0
-1	0	1066	2904	0	0	0
-1	0	1056	2912	0	0	0
-1	0	1011	2906	0	0	0
-1	0	1104	2930	0	0	0
-1	0	1066	2898	0	0	0
-1	0	946	2878	0	0	0
-1	0	1067	2902	0	0	0
-1	0	1075	2901	0	0	0
-1	0	1056	2896	64	31	0
-1	0	-2	2813	73	16	0
-1	0	65	2818	0	0	0
-1	0	62	2826	0	0	0
-1	0	31	2816	0	0	0
-1	0	0	2814	164	17	0
-1	0	164	2832	6	0	0
-1	0	183	2820	0	0	0
-1	0	160	2815	363	16	0
-1	0	584	2819	0	0	0
-1	0	522	2816	230	15	0
-1	0	702	2850	0	0	0
-1	0	751	2816	275	16	0
-1	0	1019	2861	0	0	0
-1	0	880	2832	32	15	0
-1	0	817	2832	30	48	0
-1	0	847	2876	0	0	0
-1	0	1055	2976	129	16	0
-1	0	1175	2999	0	0	0
-1	0	1083	3047	0	0	0
-1	0	1052	3024	475	50	0
-1	0	1507	3044	0	0	0
-1	0	1506	2034	34	1014	0
-1	0	1608	2850	0	0	0
-1	0	1249	2960	263	31	0
-1	0	1441	2897	67	30	0
-1	0	1344	2858	31	107	0
-1	0	1120	2832	319	31	0
-1	0	1456	2916	0	0	0
-1	0	1441	2768	65	32	0
-1	0	1441	2640	66	32	0
-1	0	1280	2734	32	104	0
-1	0	1184	2704	255	32	0
-1	0	1050	2783	0	0	0
-1	0	1054	2640	194	31	0
-1	0	1121	2577	63	30	0
-1	0	1054	2512	65	31	0
-1	0	1248	2576	192	32	0
-1	0	1346	2616	0	0	0
-1	0	1345	2607	31	101	0
-1	0	1338	2729	0	0	0
-1	0	1441	2513	67	31	0
-1	0	1280	2479	32	98	0
-1	0	1121	2448	320	31	0
-1	0	1402	2498	0	0	0
-1	0	1440	2384	71	31	0
-1	0	1312	2320	128	31	0
-1	0	1078	2345	0	0	0
-1	0	1053	2320	194	31	0
-1	0	1053	2255	66	32	0
-1	0	1166	2284	0	0	0
-1	0	1120	2192	256	32	0
-1	0	1378	2236	0	0	0
-1	0	1376	2128	64	31	0
-1	0	1055	2064	320	32	0
-1	0	1341	2116	0	0	0
-1	0	1360	2000	152	32	0
-1	0	1506	2046	0	0	0
-1	0	1055	1936	130	32	0
-1	0	1296	1919	0	0	0
-1	0	1119	1871	256	33	0
-1	0	1301	1906	0	0	0
-1	0	1280	1902	33	101	0
-1	0	1504	1837	32	196	0
-1	0	1375	1936	131	32	0
-1	0	1441	1871	143	17	0
-1	0	1055	1807	449	16	0
-1	0	1325	3132	0	0	0
-1	0	1566	1940	0	0	0
-1	0	1536	1936	672	32	0
-1	0	1536	1888	32	48	0
-1	0	2055	2003	0	0	0
-1	0	2048	1999	495	33	0
-1	0	2273	1936	126	31	0
-1	0	2464	1936	79	32	0
-1	0	2533	1972	0	0	0
-1	0	2528	1967	32	36	0
-1	0	2538	1957	0	0	0
-1	0	2336	1871	225	32	0
-1	0	2530	1905	14	31	0
-1	0	2555	1936	0	0	0
-1	0	2560	1936	517	32	0
-1	0	2560	1872	32	67	0
-1	0	2570	1860	0	0	0
-1	0	2528	1046	32	826	0
-1	0	2048	1040	493	32	0
-2	4	1073	2935	11	25	5	PlayerX	946	PlyerY	2919	CameraX	802	CameraY	2799	NextSpace	0
-1	0	1440	1889	0	0	0
-1	0	1465	1893	0	0	0
-1	0	1490	1892	0	0	0
-1	0	1451	1895	0	0	0
-1	0	1443	1888	0	0	0
-1	0	1446	1892	0	0	0
-1	0	1445	1890	0	0	0
-1	0	1453	1895	0	0	0
-1	0	1449	1896	0	0	0
-1	0	1453	1899	0	0	0
-1	0	1452	1894	0	0	0
-1	0	1440	1888	65	15	0
-1	0	1549	1922	0	0	0
-1	0	1632	1855	16	33	0
-1	0	1696	1856	16	31	0
-1	0	1760	1856	17	32	0
-1	0	1824	1855	16	33	0
-1	0	1888	1855	16	33	0
-1	0	1952	1855	16	32	0
-1	0	2017	1855	31	85	0
-1	0	1950	1824	18	2	0
-1	0	1951	1840	0	0	0
-1	0	1549	1824	499	32	0
-1	0	1550	1855	0	0	0
-1	0	1555	1863	0	0	0
-1	0	1534	1825	0	0	0
-1	0	1538	1822	0	0	0
-1	0	1538	1854	46	21	0
-1	0	1573	1879	0	0	0
-1	0	2052	1966	28	36	0
-1	0	2070	2016	0	0	0
-1	0	2064	1936	16	-866	0
-1	0	2090	1893	0	0	0
-1	0	2208	1872	64	32	0
-1	0	2400	1808	64	31	0
-1	0	2144	1679	127	33	0
-1	0	2400	1616	65	32	0
-1	0	2079	1616	257	32	0
-1	0	2077	1552	66	32	0
-1	0	2144	1488	64	32	0
-1	0	2272	1488	193	31	0
-1	0	2078	1424	66	32	0
-1	0	2208	1424	64	32	0
-1	0	2272	1360	63	32	0
-1	0	2079	1295	64	33	0
-1	0	2079	1168	65	32	0
-1	0	2079	1103	65	33	0
-1	0	1563	1744	262	16	0
-1	0	1815	1746	0	0	0
-1	0	1820	1745	213	15	0
-1	0	2032	1755	0	0	0
-1	0	1952	1680	67	31	0
-1	0	1696	1616	256	32	0
-1	0	1760	1552	63	31	0
-1	0	1696	1520	32	97	0
-1	0	1824	1487	194	34	0
-1	0	1952	1424	69	31	0
-1	0	1824	1390	33	103	0
-1	0	1953	1296	69	32	0
-1	0	1888	1169	134	31	0
-1	0	1953	1104	71	31	0
-1	0	1888	976	137	31	0
-1	0	1953	912	67	31	0
-1	0	1824	1040	63	32	0
-1	0	1695	1104	192	31	0
-1	0	1632	977	191	30	0
-1	0	1565	1168	130	31	0
-1	0	1564	1104	100	33	0
-1	0	1633	1135	31	33	0
-1	0	1829	1422	0	0	0
-1	0	1564	1488	196	31	0
-1	0	1557	1422	0	0	0
-1	0	1557	1423	74	32	0
-1	0	2016	0	32	2073	0
-1	0	1552	32	16	1728	0
-1	0	1565	1679	131	32	0
-1	0	1563	1616	69	31	0
-1	0	1697	1005	32	103	0
-1	0	1565	1040	135	32	0
-1	0	1697	877	31	101	0
-1	0	1567	912	65	31	0
-1	0	1565	784	66	31	0
-1	0	1824	655	194	32	0
-1	0	1952	593	67	31	0
-1	0	1566	592	257	31	0
-1	0	1632	528	63	31	0
-1	0	1564	464	67	31	0
-1	0	1888	399	63	32	0
-1	0	1952	335	67	33	0
-1	0	1761	271	62	32	0
-1	0	1582	145	50	30	0
-1	0	1567	145	15	31	0
-1	0	1760	145	0	0	0
-1	0	1760	145	64	31	0
-1	0	1825	209	128	31	0
-1	0	1952	145	67	31	0
-1	0	1953	81	65	30	0
-1	0	1567	31	366	17	0
-1	0	1978	35	0	0	0
-1	0	1925	31	92	16	0
-1	0	2029	69	0	0	0
-1	0	1520	1754	36	37	0
-1	0	1466	1779	62	37	0
-1	0	1518	1825	0	0	0
-1	0	3040	1839	17	98	0
-1	0	2976	1855	15	32	0
-1	0	2913	1856	15	33	0
-1	0	2848	1857	16	30	0
-1	0	2785	1854	15	33	0
-1	0	2720	1855	17	33	0
-1	0	2655	1853	17	35	0
-1	0	2591	1857	18	31	0
-1	0	2593	1840	452	16	0
-1	0	943	2831	33	81	0
-1	0	2073	433	399	18	0
-1	0	2482	445	0	0	0
-1	0	2464	400	60	49	0
-1	0	2532	411	0	0	0
-1	0	2528	288	16	128	0
-1	0	2078	288	452	16	0
-1	0	2466	282	0	0	0
-1	0	2064	288	16	175	0
-1	0	2092	459	0	0	0
-1	0	2067	144	76	47	0
-1	0	2138	181	0	0	0
-1	0	2137	176	76	22	0
-1	0	2266	178	77	21	0
-1	0	2208	144	64	58	0
-1	0	2336	144	65	61	0
-1	0	2396	179	70	24	0
-1	0	2465	144	68	60	0
-1	0	2528	15	20	136	0
-1	0	2065	14	17	145	0
-1	0	2098	12	0	0	0
-1	0	2064	8	404	23	0
-1	0	2499	20	0	0	0
-1	0	2461	8	82	23	0
-1	0	2545	45	0	0	0
-1	0	2066	720	476	15	0
-1	0	2528	551	19	174	0
-1	0	2074	656	70	31	0
-1	0	2076	593	67	30	0
-1	0	2066	544	13	177	0
-1	0	2075	545	344	15	0
-1	0	2415	544	117	15	0
-1	0	2576	265	16	142	0
-1	0	2583	401	73	16	0
-1	0	2642	417	46	14	0
-1	0	2641	426	15	53	0
-1	0	2817	417	39	15	0
-1	0	2849	336	14	143	0
-1	0	2963	353	45	15	0
-1	0	2960	367	16	32	0
-1	0	3009	416	39	16	0
-1	0	3008	288	38	17	0
-1	0	2904	465	141	15	0
-1	0	2897	399	15	66	0
-1	0	2897	384	67	15	0
-1	0	3008	160	37	15	0
-1	0	2973	224	36	16	0
-1	0	2972	96	36	16	0
-1	0	3040	13	16	462	0
-1	0	2960	80	15	192	0
-1	0	2688	96	37	15	0
-1	0	2720	109	16	34	0
-1	0	2719	128	198	16	0
-1	0	2912	140	10	77	0
-1	0	2651	208	269	15	0
-1	0	2640	160	48	15	0
-1	0	2637	144	19	69	0
-1	0	2585	144	60	17	0
-1	0	2575	11	17	136	0
-1	0	2582	5	361	11	0
-1	0	2937	4	120	12	0
-1	0	2588	261	378	11	0
-1	0	2688	351	39	17	0
-1	0	2721	270	14	129	0
-1	0	2769	270	15	130	0
-1	0	2721	385	63	15	0
-1	0	2776	353	41	15	0
-1	0	1307	1055	204	17	0
-1	0	1293	1056	20	167	0
-1	0	1306	1201	143	17	0
-1	0	1440	1168	38	45	0
-1	0	1469	1169	46	12	0
-1	0	1503	1057	22	122	0
-1	0	1310	1312	197	16	0
-1	0	1295	1323	18	118	0
-1	0	1308	1425	68	47	0
-1	0	1370	1457	141	19	0
-1	0	1505	1315	15	152	0
-1	0	1440	1680	73	24	0
-1	0	1504	1560	17	136	0
-1	0	1441	1701	31	25	0
-1	0	1185	1568	324	16	0
-1	0	1045	1713	407	21	0
-1	0	850	1713	193	20	0
-1	0	945	1753	0	0	0
-1	0	855	1712	594	30	0
-1	0	829	1680	35	36	0
-1	0	797	1680	37	17	0
-1	0	781	1568	19	119	0
-1	0	794	1568	392	15	0
-1	0	535	1744	208	14	0
-1	0	737	1711	16	44	0
-1	0	672	1679	73	33	0
-1	0	671	1615	71	33	0
-1	0	608	1167	132	33	0
-1	0	672	1103	74	33	0
-1	0	526	1055	218	17	0
-1	0	736	1049	15	709	0
-1	0	528	1071	16	685	0
-2	4	1495	2935	11	25	5	PlayerX	1607	PlyerY	886	CameraX	1540	CameraY	773	NextSpace	5
-2	4	1584	887	12	25	5	PlayerX	1454	PlyerY	2942	CameraX	1313	CameraY	2767	NextSpace	1
-2	4	1477	1911	12	25	5	PlayerX	1600	PlyerY	1910	CameraX	1535	CameraY	1759	NextSpace	2
-2	4	1584	1911	11	25	5	PlayerX	1442	PlyerY	1908	CameraX	1254	CameraY	1759	NextSpace	1
-1	0	112	2832	32	48	0
-1	0	126	2843	0	0	0
-1	0	432	2832	32	32	0
-1	0	304	2831	32	49	0
-1	0	400	2834	0	0	0
-1	0	368	2831	32	33	0
-1	0	496	2832	31	47	0
-1	0	559	2832	33	32	0
-1	0	687	2832	33	32	0
-1	0	752	2832	31	32	0
-2	4	1989	1911	12	25	5	PlayerX	2111	PlyerY	1915	CameraX	2055	CameraY	1759	NextSpace	3
-2	4	2096	1912	12	25	5	PlayerX	1957	PlyerY	1906	CameraX	1775	CameraY	1759	NextSpace	2
-2	4	2501	1911	12	25	5	PlayerX	2625	PlyerY	1916	CameraX	2561	CameraY	1759	NextSpace	4
-2	4	2608	1911	12	24	5	PlayerX	2472	PlyerY	1913	CameraX	2270	CameraY	1759	NextSpace	3
-2	4	2095	1141	13	26	5	PlayerX	1963	PlyerY	1148	CameraX	1786	CameraY	1015	NextSpace	5
-2	4	1989	1142	12	26	5	PlayerX	2113	PlyerY	1148	CameraX	2049	CameraY	1023	NextSpace	3
-2	4	1584	1144	12	24	5	PlayerX	1453	PlyerY	1151	CameraX	1303	CameraY	1024	NextSpace	10
-2	4	1989	631	12	25	5	PlayerX	2117	PlyerY	631	CameraX	2048	CameraY	481	NextSpace	6
-2	4	2096	631	11	25	5	PlayerX	1956	PlyerY	632	CameraX	1850	CameraY	481	NextSpace	5
-2	4	2514	375	11	24	5	PlayerX	2625	PlyerY	378	CameraX	2550	CameraY	268	NextSpace	8
-2	4	2608	376	12	25	5	PlayerX	2477	PlyerY	380	CameraX	2379	CameraY	287	NextSpace	9
-2	4	2608	120	12	24	5	PlayerX	2473	PlyerY	121	CameraX	2375	CameraY	23	NextSpace	7
-2	4	2501	120	12	24	5	PlayerX	2625	PlyerY	124	CameraX	2561	CameraY	1	NextSpace	8
-2	4	2096	121	12	24	5	PlayerX	1958	PlyerY	122	CameraX	1807	CameraY	1	NextSpace	5
-2	4	1989	121	12	25	5	PlayerX	2113	PlyerY	126	CameraX	2045	CameraY	1	NextSpace	7
-2	4	1584	1654	11	24	5	PlayerX	1458	PlyerY	1639	CameraX	1240	CameraY	1510	NextSpace	11
-2	4	1477	1655	11	25	5	PlayerX	1603	PlyerY	1659	CameraX	1537	CameraY	1556	NextSpace	5
-2	4	816	1656	12	24	5	PlayerX	616	PlyerY	1653	CameraX	512	CameraY	1509	NextSpace	12
-2	4	709	1656	12	24	5	PlayerX	830	PlyerY	1660	CameraX	768	CameraY	1556	NextSpace	11
-2	4	710	1144	11	23	5	PlayerX	831	PlyerY	1150	CameraX	769	CameraY	1055	NextSpace	13
-2	4	816	1144	11	25	5	PlayerX	630	PlyerY	1120	CameraX	618	CameraY	1071	NextSpace	12
-2	4	1478	1144	11	24	5	PlayerX	1602	PlyerY	1149	CameraX	1537	CameraY	1039	NextSpace	5
-2	4	1328	1400	11	24	5	PlayerX	1197	PlyerY	1404	CameraX	1123	CameraY	1330	NextSpace	13
-2	4	1220	1403	11	24	5	PlayerX	1344	PlyerY	1403	CameraX	1286	CameraY	1309	NextSpace	14
-3	5	1586	128	12	203	0
-4	6	3010	1918	21	19	0
-5	1	1632	336	64	15	0
-1	0	1564	336	68	32	0
-1	0	1694	336	195	32	0
-1	0	1630	350	0	0	0
-1	0	1623	350	77	18	0
-1	0	1824	464	0	0	0
-1	0	1824	464	194	32	0
-1	0	1696	464	64	32	0
-1	0	1757	480	70	16	0
-5	1	1759	464	67	16	0
-5	1	1696	720	64	16	0
-1	0	1760	720	64	32	0
-1	0	1632	720	64	32	0
-1	0	1695	736	67	16	0
-1	0	1567	848	257	32	0
-1	0	1888	848	64	32	0
-1	0	1821	864	72	16	0
-5	1	1823	848	66	16	0
-5	1	1760	1232	65	16	0
-1	0	1824	1232	128	32	0
-1	0	1759	1248	0	0	0
-1	0	1618	1296	0	0	0
-1	0	1567	1232	194	32	0
-1	0	1759	1248	66	16	0
-1	0	1760	1360	0	0	0
-1	0	1773	1274	0	0	0
-1	0	1760	1360	192	32	0
-1	0	1632	1360	64	32	0
-1	0	1694	1376	69	16	0
-5	1	1694	1360	66	15	0
-5	1	2160	1232	32	16	0
-5	1	2224	1296	32	16	0
-5	1	2160	1360	32	17	0
-1	0	2192	1360	16	32	0
-1	0	2144	1360	0	0	0
-1	0	2086	1360	0	0	0
-1	0	2145	1360	0	0	0
-1	0	1989	1330	0	0	0
-1	0	2144	1360	16	32	0
-1	0	2159	1376	36	16	0
-1	0	2208	1296	16	32	0
-1	0	2256	1296	16	32	0
-1	0	2223	1312	36	16	0
-1	0	2144	1231	16	33	0
-1	0	2159	1248	37	16	0
-1	0	2192	1232	16	32	0
-1	0	2385	1424	0	0	0
-1	0	2385	1424	0	0	0
-1	0	2385	1424	0	0	0
-1	0	2080	1476	0	0	0
-1	0	2420	1420	0	0	0
-5	1	2300	1425	0	0	0
-5	1	2352	1424	32	16	0
-5	1	2224	1552	0	0	0
-5	1	2224	1552	0	0	0
-5	1	2224	1552	0	0	0
-5	1	2240	1529	0	0	0
-5	1	2224	1552	32	16	0
-1	0	2384	1423	15	33	0
-1	0	2336	1424	16	32	0
-1	0	2349	1440	0	0	0
-1	0	2350	1440	38	16	0
-1	0	2256	1552	144	32	0
-1	0	2208	1552	0	0	0
-1	0	2208	1552	16	32	0
-1	0	2222	1569	37	15	0
-1	0	2385	1679	0	0	0
-1	0	2385	1679	78	32	0
-1	0	2337	1680	15	31	0
-1	0	2351	1696	40	15	0
-1	0	2272	1743	16	33	0
-1	0	2320	1743	80	33	0
-1	0	2287	1760	45	16	0
-1	0	2128	1744	80	32	0
-1	0	2095	1760	35	16	0
-1	0	2077	1744	19	32	0
-1	0	2144	1808	79	32	0
-1	0	2256	1808	80	32	0
-1	0	2223	1824	36	16	0
-1	0	2076	1873	20	30	0
-1	0	2129	1873	15	30	0
-1	0	2089	1889	42	15	0
-5	1	2096	1872	32	15	0
-5	1	2224	1808	32	16	0
-5	1	2289	1743	31	16	0
-5	1	2096	1744	32	16	0
-5	1	2352	1679	33	17	0
-5	1	2800	80	32	16	0
-5	1	2863	80	33	17	0
-1	0	2720	79	80	24	0
-1	0	2831	79	32	25	0
-1	0	2798	95	46	11	0
-1	0	2896	79	80	25	0
-1	0	2862	97	39	7	0
-1	0	2863	336	65	20	0
-1	0	2961	336	16	26	0
-1	0	2925	351	39	15	0
-5	1	2928	336	32	16	0
-5	1	2672	464	32	17	0
-5	1	2800	464	33	17	0
-1	0	2640	464	32	22	0
-1	0	2704	464	97	20	0
-1	0	2670	481	183	10	0
-1	0	2833	464	23	21	0
-5	1	1073	1104	30	18	0
-5	1	1008	1232	32	16	0
-5	1	880	1360	32	16	0
-5	1	1008	1360	32	18	0
-5	1	1073	1360	31	16	0
-1	0	779	1056	21	443	0
-1	0	797	1489	333	19	0
-1	0	1121	1419	21	78	0
-1	0	865	1408	279	16	0
-1	0	796	1440	36	16	0
-1	0	831	1376	69	16	0
-1	0	864	1360	18	55	0
-1	0	912	1360	97	21	0
-1	0	878	1376	241	12	0
-1	0	1040	1360	32	23	0
-1	0	1105	1360	30	29	0
-1	0	1183	1424	0	0	0
-1	0	1183	1424	0	0	0
-1	0	795	1168	69	127	0
-1	0	864	1248	32	17	0
-1	0	895	1312	46	16	0
-1	0	896	1184	41	17	0
-1	0	896	1120	45	17	0
-1	0	989	1184	35	16	0
-1	0	1024	1120	45	16	0
-1	0	1053	1248	36	15	0
-1	0	1089	1312	37	16	0
-1	0	928	1104	64	261	0
-1	0	989	1231	19	37	0
-1	0	1004	1248	51	21	0
-1	0	1040	1233	16	19	0
-1	0	985	1258	70	39	0
-1	0	1057	1104	15	64	0
-1	0	1068	1122	109	46	0
-1	0	1104	1104	80	24	0
-1	0	1120	1124	64	308	0
-1	0	777	1024	23	34	0
-1	0	798	1025	463	16	0
-1	0	1249	1037	25	404	0
-1	0	1181	1424	86	20	0
-1	0	1181	1312	0	0	0
-1	0	1216	1121	33	15	0
-1	0	1184	1185	0	0	0
-1	0	1217	1249	0	0	0
-1	0	1216	1249	37	14	0
-1	0	1183	1185	33	14	0
-1	0	1181	1312	35	16	0
-1	0	1054	1823	83	17	0
-1	0	1168	1822	34	18	0
-1	0	1232	1823	31	17	0
-1	0	1296	1824	235	16	0
-5	1	1137	1823	30	16	0
-5	1	1201	1822	32	18	0
-5	1	1263	1823	33	17	0
-5	1	1149	2018	0	0	0
-5	1	1135	2016	33	15	0
-5	1	1200	2015	32	17	0
-5	1	1263	2015	33	17	0
-5	1	1328	2016	32	16	0
-1	0	1120	2000	0	0	0
-1	0	1187	2008	32	2	0
-1	0	1120	2016	0	0	0
-1	0	1119	2014	0	0	0
-1	0	1168	2015	32	16	0
-1	0	1120	2015	14	17	0
-1	0	1232	2014	31	18	0
-1	0	1295	2015	34	17	0
-5	1	1136	2783	31	17	0
-1	0	1054	2767	130	16	0
-1	0	1167	2782	17	18	0
-1	0	1056	2783	0	0	0
-1	0	1089	2783	0	0	0
-1	0	1208	2799	0	0	0
-1	0	1051	2782	85	18	0
-5	1	287	3008	112	16	0
-5	1	479	3008	0	0	0
-5	1	479	3008	114	17	0
-5	1	673	3008	112	15	0
-6	7	1605	122	15	22	0
-7	8	2438	700	19	20	0
-8	9	-25	-22	1530	1047	0
-8	9	-53	999	565	800	0
-8	9	1601	2039	1576	1003	0
-8	9	2570	538	0	0	0
-8	9	2561	528	513	1231	0
-8	9	2049	781	526	210	0
-8	9	-1	1788	1025	972	0
-1	0	1216	1376	0	0	0
-1	0	1215	1376	0	0	0
-1	0	1202	1401	0	0	0
-1	0	1216	1377	37	16	0
-1	0	1119	2000	251	16	0
3	1	292	2946	18	10	0
6	1	40	2942	18	16	0
6	1	624	2943	18	16	0
3	1	800	2832	18	10	0
7	1	735	2833	18	16	0
7	1	1239	2798	18	16	0
6	1	1417	3004	18	16	0
9	1	1063	2740	14	26	0
10	1	1320	2486	18	18	0
10	1	1485	2678	18	18	0
10	1	1332	2279	18	18	0
10	1	1102	2353	18	18	0
11	1	1137	2098	18	18	0
3	1	1082	2050	18	10	0
6	1	1314	1855	18	16	0
6	1	1451	1982	18	16	0
12	1	1695	1887	18	18	0
12	1	1824	1889	18	18	0
3	1	2191	1797	18	10	0
3	1	2452	1988	18	10	0
3	1	2351	1473	18	10	0
11	1	2148	1523	18	18	0
3	1	2181	1350	18	10	0
3	1	2186	1219	18	10	0
10	1	1918	1086	18	18	0
10	1	1703	1180	18	18	0
10	1	1815	1318	18	18	0
3	1	1763	1265	18	10	0
6	1	1778	1599	18	16	0
6	1	1577	1598	18	16	0
3	1	1794	1729	18	10	0
12	1	1884	594	18	18	0
10	1	1797	374	18	18	0
9	1	1880	175	14	26	0
11	1	1610	274	18	18	0
11	1	2242	59	18	18	0
11	1	2429	59	18	18	0
9	1	2664	132	14	26	0
7	1	2756	16	18	16	0
11	1	3021	110	18	18	0
9	1	2720	431	14	26	0
12	1	2721	1891	18	18	0
12	1	2849	1889	18	18	0
3	1	443	2944	18	10	0
3	1	864	2835	18	10	0
3	1	1287	2948	18	10	0
3	1	1394	2691	18	10	0
3	1	1426	2946	18	10	0
6	1	1375	2815	18	16	0
7	1	1154	2699	18	16	0
10	1	1193	2584	18	18	0
11	1	1333	2128	18	18	0
15	1	1163	1918	18	18	0
10	1	1652	1428	18	18	0
10	1	1915	1468	18	18	0
9	1	1591	1011	14	26	0
9	1	1929	949	14	26	0
9	1	1643	691	14	26	0
9	1	1967	431	14	26	0
9	1	1792	112	14	26	0
9	1	2696	325	14	26	0
9	1	2697	69	14	26	0
11	1	2982	191	18	18	0
11	1	2956	279	18	18	0
9	1	2832	391	14	26	0
9	1	3019	387	14	26	0
10	1	2276	1312	18	18	0
10	1	2426	1788	18	18	0
9	1	2432	1652	14	26	0
9	1	2309	1907	14	26	0
3	1	2201	1662	18	10	0
-1	0	2159	1100	0	0	0
-1	0	2045	1067	23	947	0
-9	10	2117	415	12	19	0