0	0	0	3072	3040	4	0
01	0	0	1536	1520	4	0
011	0	0	768	760	4	0
0111	0	0	384	380	4	0
01111	0	0	192	190	0	1	571
01112	192	0	192	190	0	1	571
01113	0	190	192	190	0	1	571
01114	192	190	192	190	0	1	571
0112	384	0	384	380	4	0
01121	384	0	192	190	0	1	571
01122	576	0	192	190	0	1	571
01123	384	190	192	190	0	1	571
01124	576	190	192	190	0	1	571
0113	0	380	384	380	4	0
01131	0	380	192	190	0	1	571
01132	192	380	192	190	0	1	571
01133	0	570	192	190	0	1	571
01134	192	570	192	190	0	1	571
0114	384	380	384	380	4	0
01141	384	380	192	190	0	1	571
01142	576	380	192	190	0	1	571
01143	384	570	192	190	0	1	571
01144	576	570	192	190	0	1	571
012	768	0	768	760	4	0
0121	768	0	384	380	4	0
01211	768	0	192	190	0	1	571
01212	960	0	192	190	0	1	571
01213	768	190	192	190	0	1	571
01214	960	190	192	190	0	1	571
0122	1152	0	384	380	4	0
01221	1152	0	192	190	0	1	571
01222	1344	0	192	190	0	1	571
01223	1152	190	192	190	0	1	571
01224	1344	190	192	190	0	1	571
0123	768	380	384	380	4	0
01231	768	380	192	190	0	1	571
01232	960	380	192	190	0	1	571
01233	768	570	192	190	0	1	571
01234	960	570	192	190	0	1	571
0124	1152	380	384	380	4	0
01241	1152	380	192	190	0	1	571
01242	1344	380	192	190	0	1	571
01243	1152	570	192	190	0	1	571
01244	1344	570	192	190	0	1	571
013	0	760	768	760	4	0
0131	0	760	384	380	4	0
01311	0	760	192	190	0	1	571
01312	192	760	192	190	0	1	571
01313	0	950	192	190	0	2	571	572
01314	192	950	192	190	0	2	571	572
0132	384	760	384	380	4	0
01321	384	760	192	190	0	1	571
01322	576	760	192	190	0	1	571
01323	384	950	192	190	0	4	342	344	571	572
01324	576	950	192	190	0	4	341	342	343	571
0133	0	1140	384	380	4	0
01331	0	1140	192	190	0	1	572
01332	192	1140	192	190	0	1	572
01333	0	1330	192	190	0	1	572
01334	192	1330	192	190	0	1	572
0134	384	1140	384	380	4	0
01341	384	1140	192	190	0	2	344	572
01342	576	1140	192	190	0	3	340	343	380
01343	384	1330	192	190	0	2	344	572
01344	576	1330	192	190	0	1	343
014	768	760	768	760	4	0
0141	768	760	384	380	4	0
01411	768	760	192	190	0	1	571
01412	960	760	192	190	0	1	571
01413	768	950	192	190	0	6	496	513	518	527	528	571
01414	960	950	192	190	0	9	491	515	518	523	524	525	526	528	571
0142	1152	760	384	380	4	0
01421	1152	760	192	190	0	1	571
01422	1344	760	192	190	0	1	571
01423	1152	950	192	190	0	9	313	314	524	525	526	528	529	532	571
01424	1344	950	192	190	0	3	313	318	571
0143	768	1140	384	380	4	0
01431	768	1140	192	190	0	7	381	496	509	510	511	512	518
01432	960	1140	192	190	0	12	492	514	516	517	518	519	520	521	522	523	524	526
01433	768	1330	192	190	0	10	493	496	497	499	500	501	502	503	504	518
01434	960	1330	192	190	0	11	494	495	497	498	499	503	504	505	506	518	526
0144	1152	1140	384	380	4	0
01441	1152	1140	192	190	0	13	314	315	319	320	524	526	529	531	533	534	535	536	537
01442	1344	1140	192	190	0	7	315	316	317	318	319	323	382
01443	1152	1330	192	190	0	13	320	321	383	384	507	508	526	529	530	578	579	580	581
01444	1344	1330	192	190	0	3	321	322	323
02	1536	0	1536	1520	4	0
021	1536	0	768	760	4	0
0211	1536	0	384	380	4	0
02111	1536	0	192	190	0	6	207	223	224	230	385	569
02112	1728	0	192	190	0	4	225	226	230	645
02113	1536	190	192	190	0	8	207	385	387	388	389	390	391	644
02114	1728	190	192	190	0	6	222	227	389	640	642	645
0212	1920	0	384	380	4	0
02121	1920	0	192	190	0	13	206	228	229	230	231	232	233	256	265	266	267	374	375
02122	2112	0	192	190	0	7	256	257	258	259	260	267	646
02123	1920	190	192	190	0	8	206	221	227	252	254	256	641	643
02124	2112	190	192	190	0	5	252	256	258	259	260
0213	1536	380	384	380	4	0
02131	1536	380	192	190	0	4	207	218	219	394
02132	1728	380	192	190	0	7	220	392	393	394	395	396	640
02133	1536	570	192	190	0	5	207	217	397	399	400
02134	1728	570	192	190	0	5	215	217	397	398	400
0214	1920	380	384	380	4	0
02141	1920	380	192	190	0	9	206	220	247	254	255	275	276	393	641
02142	2112	380	192	190	0	3	247	276	369
02143	1920	570	192	190	0	11	206	215	216	271	273	274	275	367	368	576	639
02144	2112	570	192	190	0	4	271	273	274	576
022	2304	0	768	760	4	0
0221	2304	0	384	380	4	0
02211	2304	0	192	190	0	8	259	261	262	263	267	269	647	648
02212	2496	0	192	190	0	13	263	264	268	269	270	301	302	303	304	305	372	373	649
02213	2304	190	192	190	0	6	252	253	259	261	262	263
02214	2496	190	192	190	0	9	251	252	263	278	300	302	307	370	371
0222	2688	0	384	380	4	0
02221	2688	0	192	190	0	12	296	297	298	305	474	475	476	477	478	480	650	651
02222	2880	0	192	190	0	13	291	293	294	295	298	299	305	306	475	479	480	652	653
02223	2688	190	192	190	0	8	283	300	307	308	309	310	312	481
02224	2880	190	192	190	0	16	284	285	287	292	294	295	299	300	307	481	482	483	484	653	654	655
0223	2304	380	384	380	4	0
02231	2304	380	192	190	0	5	247	248	249	276	277
02232	2496	380	192	190	0	16	249	250	251	272	277	278	279	280	281	370	371	485	487	489	574	575
02233	2304	570	192	190	0	3	271	570	576
02234	2496	570	192	190	0	4	271	272	575	576
0224	2688	380	384	380	4	0
02241	2688	380	192	190	0	12	282	283	309	310	311	485	486	488	489	490	575	656
02242	2880	380	192	190	0	7	285	286	288	289	290	294	575
02243	2688	570	192	190	0	1	575
02244	2880	570	192	190	0	1	575
023	1536	760	768	760	4	0
0231	1536	760	384	380	4	0
02311	1536	760	192	190	0	7	207	212	213	214	346	401	638
02312	1728	760	192	190	0	5	401	402	403	404	637
02313	1536	950	192	190	0	8	197	198	200	201	207	210	211	212
02314	1728	950	192	190	0	6	194	196	197	198	210	627
0232	1920	760	384	380	4	0
02321	1920	760	192	190	0	4	195	206	402	576
02322	2112	760	192	190	0	1	576
02323	1920	950	192	190	0	7	130	179	193	194	206	576	627
02324	2112	950	192	190	0	3	130	179	576
0233	1536	1140	384	380	4	0
02331	1536	1140	192	190	0	7	199	201	207	366	408	409	628
02332	1728	1140	192	190	0	9	192	405	406	407	409	410	412	629	631
02333	1536	1330	192	190	0	8	203	204	205	207	414	415	416	630
02334	1728	1330	192	190	0	9	188	190	202	203	411	413	415	416	629
0234	1920	1140	384	380	4	0
02341	1920	1140	192	190	0	8	177	178	191	192	206	364	365	406
02342	2112	1140	192	190	0	11	177	178	417	418	427	428	429	430	431	432	625
02343	1920	1330	192	190	0	7	174	188	189	206	413	422	436
02344	2112	1330	192	190	0	13	172	173	174	175	176	419	420	421	423	425	426	438	624
024	2304	760	768	760	4	0
0241	2304	760	384	380	4	0
02411	2304	760	192	190	0	1	576
02412	2496	760	192	190	0	2	575	576
02413	2304	950	192	190	0	3	130	576	626
02414	2496	950	192	190	0	4	129	130	575	576
0242	2688	760	384	380	4	0
02421	2688	760	192	190	0	1	575
02422	2880	760	192	190	0	1	575
02423	2688	950	192	190	0	1	575
02424	2880	950	192	190	0	1	575
0243	2304	1140	384	380	4	0
02431	2304	1140	192	190	0	0
02432	2496	1140	192	190	0	2	129	575
02433	2304	1330	192	190	0	12	173	176	433	434	435	437	439	445	446	447	448	621
02434	2496	1330	192	190	0	2	129	575
0244	2688	1140	384	380	4	0
02441	2688	1140	192	190	0	1	575
02442	2880	1140	192	190	0	1	575
02443	2688	1330	192	190	0	1	575
02444	2880	1330	192	190	0	1	575
03	0	1520	1536	1520	4	0
031	0	1520	768	760	4	0
0311	0	1520	384	380	4	0
03111	0	1520	192	190	0	1	572
03112	192	1520	192	190	0	1	572
03113	0	1710	192	190	0	2	572	577
03114	192	1710	192	190	0	2	572	577
0312	384	1520	384	380	4	0
03121	384	1520	192	190	0	2	344	572
03122	576	1520	192	190	0	4	338	339	343	379
03123	384	1710	192	190	0	4	336	344	572	577
03124	576	1710	192	190	0	5	336	337	338	343	577
0313	0	1900	384	380	4	0
03131	0	1900	192	190	0	1	577
03132	192	1900	192	190	0	1	577
03133	0	2090	192	190	0	1	577
03134	192	2090	192	190	0	1	577
0314	384	1900	384	380	4	0
03141	384	1900	192	190	0	1	577
03142	576	1900	192	190	0	1	577
03143	384	2090	192	190	0	1	577
03144	576	2090	192	190	0	1	577
032	768	1520	768	760	4	0
0321	768	1520	384	380	4	0
03211	768	1520	192	190	0	5	332	333	334	335	378
03212	960	1520	192	190	0	1	335
03213	768	1710	192	190	0	5	329	330	331	332	577
03214	960	1710	192	190	0	9	4	105	111	328	329	331	538	542	577
0322	1152	1520	384	380	4	0
03221	1152	1520	192	190	0	2	327	335
03222	1344	1520	192	190	0	5	324	325	326	327	377
03223	1152	1710	192	190	0	12	105	111	328	331	539	540	541	542	543	544	610	611
03224	1344	1710	192	190	0	24	105	108	110	111	132	134	135	136	137	138	139	140	141	142	143	144	158	234	235	236	326	328	331	541
0323	768	1900	384	380	4	0
03231	768	1900	192	190	0	1	577
03232	960	1900	192	190	0	14	4	99	103	105	545	546	550	552	553	555	577	582	608	609
03233	768	2090	192	190	0	1	577
03234	960	2090	192	190	0	6	4	94	96	99	577	607
0324	1152	1900	384	380	4	0
03241	1152	1900	192	190	0	16	99	103	104	105	106	107	546	547	548	549	551	554	556	557	582	608
03242	1344	1900	192	190	0	14	67	99	101	102	105	108	109	133	144	347	549	573	582	612
03243	1152	2090	192	190	0	6	96	99	100	604	605	607
03244	1344	2090	192	190	0	7	67	96	97	98	99	573	605
033	0	2280	768	760	4	0
0331	0	2280	384	380	4	0
03311	0	2280	192	190	0	1	577
03312	192	2280	192	190	0	1	577
03313	0	2470	192	190	0	1	577
03314	192	2470	192	190	0	1	577
0332	384	2280	384	380	4	0
03321	384	2280	192	190	0	1	577
03322	576	2280	192	190	0	1	577
03323	384	2470	192	190	0	1	577
03324	576	2470	192	190	0	1	577
0333	0	2660	384	380	4	0
03331	0	2660	192	190	0	15	21	23	29	30	46	47	48	49	50	51	52	53	349	350	577
03332	192	2660	192	190	0	7	22	23	53	352	354	359	577
03333	0	2850	192	190	0	8	0	19	21	23	30	349	583	584
03334	192	2850	192	190	0	10	0	6	7	22	23	24	352	354	565	585
0334	384	2660	384	380	4	0
03341	384	2660	192	190	0	9	53	55	351	353	354	355	356	577	586
03342	576	2660	192	190	0	10	26	54	55	57	356	357	358	577	588	590
03343	384	2850	192	190	0	13	1	6	9	11	12	25	351	354	355	356	565	566	567
03344	576	2850	192	190	0	13	2	11	13	15	16	26	356	357	358	567	568	587	588
034	768	2280	768	760	4	0
0341	768	2280	384	380	4	0
03411	768	2280	192	190	0	1	577
03412	960	2280	192	190	0	7	4	88	92	93	94	577	606
03413	768	2470	192	190	0	1	577
03414	960	2470	192	190	0	6	4	79	80	81	88	577
0342	1152	2280	384	380	4	0
03421	1152	2280	192	190	0	5	88	91	93	95	605
03422	1344	2280	192	190	0	6	67	88	90	91	573	605
03423	1152	2470	192	190	0	6	79	80	82	87	88	598
03424	1344	2470	192	190	0	9	67	75	82	83	84	86	88	89	573
0343	768	2660	384	380	4	0
03431	768	2660	192	190	0	10	27	57	59	60	246	358	577	589	591	592
03432	960	2660	192	190	0	14	4	5	57	72	78	79	246	558	559	561	562	564	577	597
03433	768	2850	192	190	0	11	3	16	17	27	28	42	60	61	246	358	568
03434	960	2850	192	190	0	23	3	4	5	32	33	34	35	36	37	38	39	40	41	43	44	45	58	62	65	72	131	246	593
0344	1152	2660	384	380	4	0
03441	1152	2660	192	190	0	10	72	76	77	79	85	558	559	560	563	600
03442	1344	2660	192	190	0	9	67	72	74	75	77	84	573	599	601
03443	1152	2850	192	190	0	10	3	62	63	65	69	72	593	594	595	596
03444	1344	2850	192	190	0	11	65	67	69	70	71	72	73	345	573	602	603
04	1536	1520	1536	1520	4	0
041	1536	1520	768	760	4	0
0411	1536	1520	384	380	4	0
04111	1536	1520	192	190	0	7	185	187	207	208	209	376	634
04112	1728	1520	192	190	0	5	185	186	188	632	633
04113	1536	1710	192	190	0	15	110	115	146	147	155	156	157	159	160	161	180	207	208	234	613
04114	1728	1710	192	190	0	10	148	149	150	155	180	181	182	614	635	636
0412	1920	1520	384	380	4	0
04121	1920	1520	192	190	0	6	170	171	184	185	188	206
04122	2112	1520	192	190	0	15	168	170	171	440	441	442	443	444	449	450	451	452	620	622	623
04123	1920	1710	192	190	0	17	151	152	153	154	155	165	182	183	184	206	461	462	466	468	469	472	635
04124	2112	1710	192	190	0	16	166	168	457	459	460	461	463	464	465	467	468	469	470	471	472	615
0413	1536	1900	384	380	4	0
04131	1536	1900	192	190	0	8	67	113	114	115	145	348	573	613
04132	1728	1900	192	190	0	3	114	573	614
04133	1536	2090	192	190	0	2	67	573
04134	1728	2090	192	190	0	1	573
0414	1920	1900	384	380	4	0
04141	1920	1900	192	190	0	12	114	116	117	152	162	163	206	360	361	466	468	573
04142	2112	1900	192	190	0	7	114	117	118	166	467	468	573
04143	1920	2090	192	190	0	1	573
04144	2112	2090	192	190	0	1	573
042	2304	1520	768	760	4	0
0421	2304	1520	384	380	4	0
04211	2304	1520	192	190	0	8	169	170	449	453	454	455	456	473
04212	2496	1520	192	190	0	2	129	575
04213	2304	1710	192	190	0	11	123	167	454	455	456	458	459	464	471	618	619
04214	2496	1710	192	190	0	8	123	127	128	129	243	244	245	575
0422	2688	1520	384	380	4	0
04221	2688	1520	192	190	0	1	575
04222	2880	1520	192	190	0	1	575
04223	2688	1710	192	190	0	7	240	241	242	245	575	657	658
04224	2880	1710	192	190	0	5	237	238	239	245	575
0423	2304	1900	384	380	4	0
04231	2304	1900	192	190	0	7	117	118	119	123	573	616	617
04232	2496	1900	192	190	0	13	117	119	120	121	122	123	124	125	126	127	362	363	573
04233	2304	2090	192	190	0	1	573
04234	2496	2090	192	190	0	1	573
0424	2688	1900	384	380	4	0
04241	2688	1900	192	190	0	4	126	573	657	658
04242	2880	1900	192	190	0	4	126	237	386	573
04243	2688	2090	192	190	0	1	573
04244	2880	2090	192	190	0	1	573
043	1536	2280	768	760	4	0
0431	1536	2280	384	380	4	0
04311	1536	2280	192	190	0	2	67	573
04312	1728	2280	192	190	0	1	573
04313	1536	2470	192	190	0	2	67	573
04314	1728	2470	192	190	0	1	573
0432	1920	2280	384	380	4	0
04321	1920	2280	192	190	0	1	573
04322	2112	2280	192	190	0	1	573
04323	1920	2470	192	190	0	1	573
04324	2112	2470	192	190	0	1	573
0433	1536	2660	384	380	4	0
04331	1536	2660	192	190	0	2	67	573
04332	1728	2660	192	190	0	1	573
04333	1536	2850	192	190	0	2	67	573
04334	1728	2850	192	190	0	1	573
0434	1920	2660	384	380	4	0
04341	1920	2660	192	190	0	1	573
04342	2112	2660	192	190	0	1	573
04343	1920	2850	192	190	0	1	573
04344	2112	2850	192	190	0	1	573
044	2304	2280	768	760	4	0
0441	2304	2280	384	380	4	0
04411	2304	2280	192	190	0	1	573
04412	2496	2280	192	190	0	1	573
04413	2304	2470	192	190	0	1	573
04414	2496	2470	192	190	0	1	573
0442	2688	2280	384	380	4	0
04421	2688	2280	192	190	0	1	573
04422	2880	2280	192	190	0	1	573
04423	2688	2470	192	190	0	1	573
04424	2880	2470	192	190	0	1	573
0443	2304	2660	384	380	4	0
04431	2304	2660	192	190	0	1	573
04432	2496	2660	192	190	0	1	573
04433	2304	2850	192	190	0	1	573
04434	2496	2850	192	190	0	1	573
0444	2688	2660	384	380	4	0
04441	2688	2660	192	190	0	1	573
04442	2880	2660	192	190	0	1	573
04443	2688	2850	192	190	0	1	573
04444	2880	2850	192	190	0	1	573
