190	192
16	16
20
0	0	0	0	0	0	0	0	0	0	0	0	0	0	0	0	0	0	0	0	0	0	0	0	0	0	0	0	0	0	0	0	0	0	0	0	0	0	0	0	0	0	0	0	0	0	0	0	0	0	0	0	0	0	0	0	0	0	0	0	0	0	0	0	0	0	0	0	0	0	0	0	0	0	0	0	0	0	0	0	0	0	0	0	0	0	0	0	0	0	0	0	0	0	0	0	1	2	2	3	1	2	2	3	1	2	2	3	1	2	2	3	1	2	2	3	1	2	2	3	1	2	2	3	1	2	2	3	4	4	4	4	4	4	4	4	4	4	4	4	4	4	4	4	4	4	4	4	4	4	4	4	4	4	4	4	4	4	4	4	4	4	4	4	4	4	4	4	4	4	4	4	4	4	4	4	4	4	4	4	4	4	4	4	4	4	4	4	4	4	4	4	
0	0	0	0	0	0	0	0	0	0	0	0	0	0	0	0	0	0	0	0	0	0	0	0	0	0	0	0	0	0	0	0	0	0	0	0	0	0	0	0	0	0	0	0	0	0	0	0	0	0	0	0	0	0	0	0	0	0	0	0	0	0	0	0	0	0	0	0	0	0	0	0	0	0	0	0	0	0	0	0	0	0	0	0	0	0	0	0	0	0	0	0	0	0	0	0	3	5	6	1	3	5	6	1	3	5	6	1	3	5	6	1	3	5	6	1	3	5	6	1	3	5	6	1	3	5	3	1	4	4	7	8	9	10	7	4	8	9	7	8	9	10	7	8	9	10	7	4	8	9	7	8	9	10	7	4	8	9	4	4	4	4	11	12	12	12	12	12	12	12	12	13	14	12	12	13	14	12	12	12	12	12	12	13	14	12	12	12	12	12	4	4	
0	0	0	0	0	0	0	0	0	0	0	0	0	0	0	0	0	0	0	0	0	0	0	0	0	0	0	0	0	0	0	0	0	0	0	0	0	0	0	0	0	0	0	0	0	0	0	0	0	0	0	0	0	0	0	0	0	0	0	0	0	0	0	0	0	0	0	0	0	0	0	0	0	0	0	0	0	0	0	0	0	0	0	0	0	0	0	0	0	0	0	0	0	0	0	0	1	2	2	3	1	2	2	15	1	2	2	15	1	2	2	15	1	2	2	15	1	2	2	15	1	2	2	3	1	2	6	1	4	4	16	10	17	17	16	7	8	18	16	10	17	17	16	10	17	17	16	7	8	18	16	10	17	17	16	7	8	18	4	4	19	4	20	21	21	21	21	21	21	21	21	22	23	21	21	22	23	21	21	21	21	21	21	22	23	21	21	21	21	21	4	19	
0	0	0	0	0	0	0	0	0	0	0	0	0	0	0	0	0	0	0	0	0	0	0	0	0	0	0	0	0	0	0	0	0	0	0	0	0	0	0	0	0	0	0	0	0	0	0	0	0	0	0	0	0	0	0	0	0	0	0	0	0	0	0	0	0	0	0	0	0	0	0	0	0	0	0	0	0	0	0	0	0	0	0	0	0	0	0	0	0	0	0	0	0	0	0	0	3	5	24	25	25	25	25	26	27	28	29	26	27	28	29	26	27	28	29	26	27	28	29	26	24	25	25	25	25	25	30	31	4	4	17	17	17	17	32	10	10	17	17	17	17	17	17	17	17	17	32	10	10	17	17	17	17	17	32	10	10	17	4	4	19	4	20	21	21	21	21	21	21	21	21	22	23	21	21	22	23	21	21	21	21	21	21	22	23	21	21	21	21	21	4	19	
0	0	0	0	0	0	0	0	0	0	0	0	0	0	0	0	0	0	0	0	0	0	0	0	0	0	0	0	0	0	0	0	0	0	0	0	0	0	0	0	0	0	0	0	0	0	0	0	0	0	0	0	0	0	0	0	0	0	0	0	0	0	0	0	0	0	0	0	0	0	0	0	0	0	0	0	0	0	0	0	0	0	0	0	0	0	0	0	0	0	0	0	0	0	0	0	1	2	33	34	34	34	34	35	36	37	38	35	36	37	38	35	36	37	38	35	36	37	38	35	33	34	39	39	39	39	2	3	4	4	17	40	17	17	32	17	40	17	17	40	17	17	17	40	17	17	32	17	40	17	17	40	17	17	32	17	40	17	4	4	4	4	20	21	21	21	21	21	21	21	41	42	43	44	41	42	43	44	21	21	21	21	41	42	43	44	21	21	21	21	4	4	
0	0	0	0	0	0	0	0	0	0	0	0	0	0	0	0	0	0	0	0	0	0	0	0	0	0	0	0	0	0	0	0	0	0	0	0	0	0	0	0	0	0	0	0	0	0	0	0	0	0	0	0	0	0	0	0	0	0	0	0	0	0	0	0	0	0	0	0	0	0	0	0	0	0	0	0	0	0	0	0	0	0	0	0	0	0	0	0	0	0	0	0	0	0	0	0	3	5	33	34	34	34	34	35	33	34	34	35	33	34	34	35	33	34	34	35	33	34	34	35	33	34	6	1	3	5	6	1	4	4	40	45	17	17	46	45	47	48	17	45	47	48	40	45	17	17	46	45	47	48	40	45	17	17	46	45	47	48	4	4	4	4	20	21	21	21	21	21	21	21	4	4	4	4	4	49	49	4	4	49	49	4	4	4	4	4	50	21	21	21	4	4	
0	0	0	0	0	0	0	0	0	0	0	0	0	0	0	0	0	0	0	0	0	0	0	0	0	0	0	0	0	0	0	0	0	0	0	0	0	0	0	0	0	0	0	0	0	0	0	0	0	0	0	0	0	0	0	0	0	0	0	0	0	0	0	0	0	0	0	0	0	0	0	0	0	0	0	0	0	0	0	0	0	0	0	0	0	0	0	0	0	0	0	0	0	0	0	0	1	2	33	34	51	52	34	35	33	34	34	35	33	34	34	35	33	34	34	35	33	34	34	35	33	34	2	3	53	54	2	3	4	4	47	55	48	45	47	56	55	47	47	56	55	47	47	55	48	45	47	56	55	47	47	55	48	45	47	56	55	47	4	4	19	4	20	21	21	21	21	21	4	4	4	19	19	4	4	4	4	4	4	4	4	4	4	19	19	4	4	4	21	21	4	19	
0	0	0	0	0	0	0	0	0	0	0	0	0	0	0	0	0	0	0	0	0	0	0	0	0	0	0	0	0	0	0	0	0	0	0	0	0	0	0	0	0	0	0	0	0	0	0	0	0	0	0	0	0	0	0	0	0	0	0	0	0	0	0	0	0	0	0	0	0	0	0	0	0	0	0	0	0	0	0	0	0	0	0	0	0	0	0	0	0	0	0	0	0	0	0	0	3	5	33	57	58	59	34	35	33	34	34	35	33	34	34	35	33	34	34	35	33	34	34	35	33	34	25	25	60	61	6	1	4	4	62	63	47	56	55	56	55	56	55	56	55	56	55	55	47	56	55	56	55	56	55	55	47	56	55	56	64	65	4	4	19	4	62	63	21	21	21	21	66	12	4	19	19	4	4	19	19	4	4	19	19	4	4	19	19	4	11	12	21	21	4	19	
0	0	0	0	0	0	0	0	0	0	0	0	0	0	0	0	0	0	0	0	0	0	0	0	0	0	0	0	0	0	0	0	0	0	0	0	0	0	0	0	0	0	0	0	0	0	0	0	0	0	0	0	0	0	0	0	0	0	0	0	0	0	0	0	0	0	0	0	0	0	0	0	0	0	0	0	0	0	0	0	0	0	0	0	0	0	0	0	0	0	0	0	0	0	0	0	1	2	67	68	69	70	34	35	33	34	34	35	33	34	39	71	67	39	34	35	33	34	34	35	33	34	39	39	72	73	2	3	4	4	74	75	55	55	56	55	56	55	56	55	56	55	55	56	55	55	56	55	56	55	55	56	55	55	56	55	76	77	4	4	4	4	74	75	21	21	21	21	21	21	4	4	4	4	4	4	4	4	4	4	4	4	4	4	4	4	20	21	21	21	4	4	
0	0	0	0	0	0	0	0	0	0	0	0	0	0	0	0	0	0	0	0	0	0	0	0	0	0	0	0	0	0	0	0	0	0	0	0	0	0	0	0	0	0	0	0	0	0	0	0	0	0	0	0	0	0	0	0	0	0	0	0	0	0	0	0	0	0	0	0	0	0	0	0	0	0	0	0	0	0	0	0	0	0	0	0	0	0	0	0	0	0	0	0	0	0	0	0	3	5	6	68	3	5	78	35	33	34	34	35	33	34	6	1	3	5	78	35	33	34	34	35	33	34	6	1	3	5	6	1	4	4	79	80	79	80	81	81	81	81	79	80	79	80	81	81	81	81	79	80	79	80	81	81	81	81	79	80	79	80	4	4	4	4	4	4	4	4	50	21	21	21	12	13	14	12	12	12	12	12	12	13	14	12	4	4	4	4	20	21	21	21	4	4	
0	0	0	0	0	0	0	0	0	0	0	0	0	0	0	0	0	0	0	0	0	0	0	0	0	0	0	0	0	0	0	0	0	0	0	0	0	0	0	0	0	0	0	0	0	0	0	0	0	0	0	0	0	0	0	0	0	0	0	0	0	0	0	0	0	0	0	0	0	0	0	0	0	0	0	0	0	0	0	0	0	0	0	0	0	0	0	0	0	0	0	0	0	0	0	0	1	2	2	68	1	2	33	35	33	34	34	35	33	34	2	15	1	2	33	35	33	34	34	35	33	34	2	15	1	2	2	3	4	4	4	4	4	4	82	82	82	82	4	4	4	4	82	82	82	82	4	4	4	4	82	82	82	82	4	4	4	4	4	4	19	4	4	19	19	4	4	4	21	21	21	22	23	21	21	21	21	21	21	22	23	21	4	19	19	4	20	21	4	4	4	19	
0	0	0	0	0	0	0	0	0	0	0	0	0	0	0	0	0	0	0	0	0	0	0	0	0	0	0	0	0	0	0	0	0	0	0	0	0	0	0	0	0	0	0	0	0	0	0	0	0	0	0	0	0	0	0	0	0	0	0	0	0	0	0	0	0	0	0	0	0	0	0	0	0	0	0	0	0	0	0	0	0	0	0	0	0	0	0	0	0	0	0	0	0	0	0	0	3	5	24	68	24	25	83	35	33	34	34	35	33	34	25	26	24	25	83	35	33	84	34	35	33	84	25	26	27	28	6	1	4	4	4	4	4	4	79	80	79	80	4	4	4	4	79	80	79	80	4	4	4	4	79	80	79	80	4	4	4	4	4	4	19	4	4	19	19	4	11	12	21	21	21	22	23	21	21	21	21	21	21	22	23	21	4	19	19	4	20	21	66	12	4	19	
0	0	0	0	0	0	0	0	0	0	0	0	0	0	0	0	0	0	0	0	0	0	0	0	0	0	0	0	0	0	0	0	0	0	0	0	0	0	0	0	0	0	0	0	0	0	0	0	0	0	0	0	0	0	0	0	0	0	0	0	0	0	0	0	0	0	0	0	0	0	0	0	0	0	0	0	0	0	0	0	0	0	0	0	0	0	0	0	0	0	0	0	0	0	0	0	1	2	33	68	33	34	34	35	33	34	34	35	33	34	34	35	33	34	39	85	67	86	39	85	67	86	34	35	36	37	2	3	4	4	4	4	4	4	4	4	4	4	4	4	4	4	4	4	4	4	4	4	4	4	4	4	4	4	4	4	4	4	4	4	4	4	4	4	4	4	20	21	21	21	41	42	43	44	21	21	21	21	41	42	43	44	4	4	4	4	20	21	21	21	4	4	
0	0	0	0	0	0	0	0	0	0	0	0	0	0	0	0	0	0	0	0	0	0	0	0	0	0	0	0	0	0	0	0	0	0	0	0	0	0	0	0	0	0	0	0	0	0	0	0	0	0	0	0	0	0	0	0	0	0	0	0	0	0	0	0	0	0	0	0	0	0	0	0	0	0	0	0	0	0	0	0	0	0	0	0	0	0	0	0	0	0	0	0	0	0	0	0	3	5	33	68	33	34	34	35	33	34	34	35	33	34	34	35	33	34	6	1	3	5	6	1	3	5	78	35	33	34	6	1	4	4	4	4	4	4	4	4	4	4	4	4	4	4	4	4	4	4	4	4	4	4	4	4	4	4	4	4	4	4	4	4	4	4	4	4	4	4	4	4	4	4	4	4	4	4	4	4	4	4	4	4	4	4	4	4	4	4	50	21	21	21	4	4	
0	0	0	0	0	0	0	0	0	0	0	0	0	0	0	0	0	0	0	0	0	0	0	0	0	0	0	0	0	0	0	0	0	0	0	0	0	0	0	0	0	0	0	0	0	0	0	0	0	0	0	0	0	0	0	0	0	0	0	0	0	0	0	0	0	0	0	0	0	0	0	0	0	0	0	0	0	0	0	0	0	0	0	0	0	0	0	0	0	0	0	0	0	0	0	0	1	2	33	68	33	34	34	35	33	34	34	35	33	34	34	35	33	34	2	15	1	2	2	15	1	2	33	35	33	34	2	3	4	4	4	4	4	4	4	4	4	4	4	4	4	4	4	4	4	4	4	4	4	4	4	4	4	4	4	4	4	4	4	19	19	4	4	19	19	4	4	19	19	4	4	19	19	4	4	19	19	4	4	19	19	4	4	19	19	4	4	4	21	21	4	19	
0	0	0	0	0	0	0	0	0	0	0	0	0	0	0	0	0	0	0	0	0	0	0	0	0	0	0	0	0	0	0	0	0	0	0	0	0	0	0	0	0	0	0	0	0	0	0	0	0	0	0	0	0	0	0	0	0	0	0	0	0	0	0	0	0	0	0	0	0	0	0	0	0	0	0	0	0	0	0	0	0	0	0	0	0	0	0	0	0	0	0	0	0	0	0	0	3	5	33	68	33	34	34	35	33	34	34	35	33	34	34	35	33	84	25	26	27	28	29	26	24	25	83	35	33	34	6	1	4	4	4	4	4	4	4	4	4	4	4	4	4	4	4	4	4	4	4	4	4	4	4	4	4	4	4	4	4	4	4	19	19	4	4	19	19	4	4	19	19	4	4	19	19	4	4	19	19	4	4	19	19	4	4	19	19	4	11	12	21	21	4	19	
0	0	0	0	0	0	0	0	0	0	0	0	0	0	0	0	0	0	0	0	0	0	0	0	0	0	0	0	0	0	0	0	0	0	0	0	0	0	0	0	0	0	0	0	0	0	0	0	0	0	0	0	0	0	0	0	0	0	0	0	0	0	0	0	0	0	0	0	0	0	0	0	0	0	0	0	0	0	0	0	0	0	0	0	0	0	0	0	0	0	0	0	0	0	0	0	1	2	33	68	33	34	34	35	33	34	34	35	33	34	39	85	67	86	34	35	36	37	38	35	33	34	34	35	33	34	2	3	4	4	4	4	4	4	4	4	4	4	4	4	4	4	4	4	4	4	4	4	4	4	4	4	4	4	4	4	4	4	4	4	4	4	4	4	4	4	4	4	4	4	4	4	4	4	4	4	4	4	4	4	4	4	4	4	4	4	20	21	21	21	4	4	
0	0	0	0	0	0	0	0	0	0	0	0	0	0	0	0	0	0	0	0	0	0	0	0	0	0	0	0	0	0	0	0	0	0	0	0	0	0	0	0	0	0	0	0	0	0	0	0	0	0	0	0	0	0	0	0	0	0	0	0	0	0	0	0	0	0	0	0	0	0	0	0	0	0	0	0	0	0	0	0	0	0	0	0	0	0	0	0	0	0	0	0	0	0	0	0	3	5	33	68	33	34	34	35	33	34	34	35	33	34	6	1	3	5	78	35	33	34	34	35	33	34	34	35	33	34	6	1	4	4	4	4	4	4	4	4	4	4	4	4	4	4	4	4	4	4	4	4	4	4	4	4	4	4	4	4	4	4	4	4	4	4	11	12	12	12	12	12	12	12	4	4	4	4	11	12	12	12	12	13	14	12	12	12	12	12	87	21	21	21	4	4	
0	0	0	0	0	0	0	0	0	0	0	0	0	0	0	0	0	0	0	0	0	0	0	0	0	0	0	0	0	0	0	0	0	0	0	0	0	0	0	0	0	0	0	0	0	0	0	0	0	0	0	0	0	0	0	0	0	0	0	0	0	0	0	0	0	0	0	0	0	0	0	0	0	0	0	0	0	0	0	0	0	0	0	0	0	0	0	0	0	0	0	0	0	0	0	0	1	2	33	68	33	34	34	35	33	34	34	35	33	34	2	3	1	2	33	35	33	34	34	35	33	34	34	35	33	34	2	3	4	4	88	89	88	89	88	89	88	89	88	89	88	89	88	89	88	89	88	89	88	89	88	89	88	89	88	89	88	89	4	4	19	4	20	21	21	21	21	21	21	21	4	19	19	4	20	21	90	21	21	22	23	21	21	21	21	21	21	21	4	4	4	91	
0	0	0	0	0	0	0	0	0	0	0	0	0	0	0	0	0	0	0	0	0	0	0	0	0	0	0	0	0	0	0	0	0	0	0	0	0	0	0	0	0	0	0	0	0	0	0	0	0	0	0	0	0	0	0	0	0	0	0	0	0	0	0	0	0	0	0	0	0	0	0	0	0	0	0	0	0	0	0	0	0	0	0	0	0	0	0	0	0	0	0	0	0	0	0	0	3	5	33	68	33	84	34	35	33	84	34	35	33	84	25	25	25	25	83	35	33	84	34	35	33	34	34	35	33	84	6	1	4	4	92	92	92	92	92	93	94	95	92	93	94	95	92	93	94	95	92	93	94	95	92	93	94	95	92	93	94	95	4	4	19	4	20	21	21	21	21	21	21	21	4	19	19	4	20	21	21	21	21	22	23	21	21	21	21	21	21	21	66	12	4	19	
0	0	0	0	0	0	0	0	0	0	0	0	0	0	0	0	0	0	0	0	0	0	0	0	0	0	0	0	0	0	0	0	0	0	0	0	0	0	0	0	0	0	0	0	0	0	0	0	0	0	0	0	0	0	0	0	0	0	0	0	0	0	0	0	0	0	0	0	0	0	0	0	0	0	0	0	0	0	0	0	0	0	0	0	0	0	0	0	0	0	0	0	0	0	0	0	1	2	67	96	67	86	97	98	99	100	39	85	67	86	39	39	39	39	39	85	67	86	34	35	33	34	39	85	67	86	2	3	4	4	92	92	101	102	102	102	103	92	101	102	103	92	101	102	103	92	101	102	103	92	101	102	103	92	101	102	103	92	4	4	4	4	20	21	21	21	21	21	21	21	4	4	4	4	20	21	21	21	41	42	43	44	21	21	21	21	21	21	21	21	4	4	
0	0	0	0	0	0	0	0	0	0	0	0	0	0	0	0	0	0	0	0	0	0	0	0	0	0	0	0	0	0	0	0	0	0	0	0	0	0	0	0	0	0	0	0	0	0	0	0	0	0	0	0	0	0	0	0	0	0	0	0	0	0	0	0	0	0	0	0	0	0	0	0	0	0	0	0	0	0	0	0	0	0	0	0	0	0	0	0	0	0	0	0	0	0	0	0	3	5	6	1	3	5	104	105	105	104	6	1	3	5	6	1	3	5	6	1	3	5	78	35	33	34	6	1	3	5	6	1	4	4	92	92	106	107	107	107	108	92	106	107	108	92	106	107	108	92	106	107	108	92	106	107	108	92	106	107	108	92	4	4	4	4	20	21	21	21	21	21	21	21	4	4	4	4	50	21	21	21	4	4	4	4	4	49	49	4	50	21	21	21	4	4	
0	0	0	0	0	0	0	0	0	0	0	0	0	0	0	0	0	0	0	0	0	0	0	0	0	0	0	0	0	0	0	0	0	0	0	0	0	0	0	0	0	0	0	0	0	0	0	0	0	0	0	0	0	0	0	0	0	0	0	0	0	0	0	0	0	0	0	0	0	0	0	0	0	0	0	0	0	0	0	0	0	0	0	0	0	0	0	0	0	0	0	0	0	0	0	0	1	2	2	15	1	2	2	15	1	2	2	15	1	2	2	15	1	2	2	15	1	2	33	35	33	34	2	15	1	2	2	3	4	4	92	92	106	107	107	107	108	92	106	107	108	92	106	107	108	92	106	107	108	92	106	107	108	92	106	107	108	92	4	4	19	4	20	21	21	21	21	21	4	4	4	19	19	4	4	4	21	21	4	19	19	4	4	4	4	4	4	4	21	21	4	19	
0	0	0	0	0	0	0	0	0	0	0	0	0	0	0	0	0	0	0	0	0	0	0	0	0	0	0	0	0	0	0	0	0	0	0	0	0	0	0	0	0	0	0	0	0	0	0	0	0	0	0	0	0	0	0	0	0	0	0	0	0	0	0	0	0	0	0	0	0	0	0	0	0	0	0	0	0	0	0	0	0	0	0	0	0	0	0	0	0	0	0	0	0	0	0	0	3	5	24	26	27	28	29	26	27	28	29	26	27	28	29	26	27	28	29	26	24	25	83	35	33	84	25	26	27	28	6	1	4	4	92	92	106	107	107	107	108	92	106	107	108	92	106	107	108	92	106	107	108	92	106	107	108	92	106	107	64	65	4	4	19	4	62	63	21	21	21	21	66	12	4	19	19	4	11	12	21	21	4	19	19	4	4	19	19	4	11	12	21	21	4	19	
0	0	0	0	0	0	0	0	0	0	0	0	0	0	0	0	0	0	0	0	0	0	0	0	0	0	0	0	0	0	0	0	0	0	0	0	0	0	0	0	0	0	0	0	0	0	0	0	0	0	0	0	0	0	0	0	0	0	0	0	0	0	0	0	0	0	0	0	0	0	0	0	0	0	0	0	0	0	0	0	0	0	0	0	0	0	0	0	0	0	0	0	0	0	0	0	1	2	33	35	36	37	38	35	36	37	38	35	36	37	38	35	36	37	38	35	33	34	39	85	67	86	34	35	36	37	2	3	4	4	92	92	106	107	107	107	108	92	106	107	108	92	106	107	108	92	106	107	108	92	106	107	108	92	106	107	76	77	4	4	4	4	74	75	21	21	21	21	21	21	4	4	4	4	20	21	21	21	4	4	4	4	4	4	4	4	20	21	21	21	4	4	
0	0	0	0	0	0	0	0	0	0	0	0	0	0	0	0	0	0	0	0	0	0	0	0	0	0	0	0	0	0	0	0	0	0	0	0	0	0	0	0	0	0	0	0	0	0	0	0	0	0	0	0	0	0	0	0	0	0	0	0	0	0	0	0	0	0	0	0	0	0	0	0	0	0	0	0	0	0	0	0	0	0	0	0	0	0	0	0	0	0	0	0	0	0	0	0	3	5	33	35	33	34	34	35	33	34	34	35	33	34	34	35	33	34	34	35	33	34	6	1	3	5	78	35	33	34	6	1	4	4	92	92	109	110	107	111	108	92	106	111	108	92	106	111	108	92	106	111	108	92	106	111	108	92	88	89	4	4	4	4	4	4	4	4	4	4	50	21	21	21	12	13	14	12	87	21	21	21	4	4	4	4	12	13	14	12	87	21	21	21	4	4	
0	0	0	0	0	0	0	0	0	0	0	0	0	0	0	0	0	0	0	0	0	0	0	0	0	0	0	0	0	0	0	0	0	0	0	0	0	0	0	0	0	0	0	0	0	0	0	0	0	0	0	0	0	0	0	0	0	0	0	0	0	0	0	0	0	0	0	0	0	0	0	0	0	0	0	0	0	0	0	0	0	0	0	0	0	0	0	0	0	0	0	0	0	0	0	0	1	2	33	35	33	34	34	35	33	34	34	35	33	34	34	35	33	34	34	35	33	34	2	3	1	2	33	35	33	34	2	112	4	4	92	92	113	114	107	115	116	92	106	115	116	92	106	115	116	92	106	115	116	92	106	115	116	92	4	4	4	4	4	4	19	4	4	19	19	4	4	4	21	21	21	22	23	21	21	21	4	4	4	19	19	4	21	22	23	21	21	21	4	4	4	19	
0	0	0	0	0	0	0	0	0	0	0	0	0	0	0	0	0	0	0	0	0	0	0	0	0	0	0	0	0	0	0	0	0	0	0	0	0	0	0	0	0	0	0	0	0	0	0	0	0	0	0	0	0	0	0	0	0	0	0	0	0	0	0	0	0	0	0	0	0	0	0	0	0	0	0	0	0	0	0	0	0	0	0	0	0	0	0	0	0	0	0	0	0	0	0	0	3	5	33	35	33	84	34	35	33	34	34	35	33	84	34	35	33	84	34	35	33	84	25	25	25	25	83	35	33	84	6	117	4	4	88	89	88	89	88	89	88	89	88	89	88	89	88	89	88	89	88	89	88	89	88	89	88	89	4	4	4	4	4	4	19	4	4	19	19	4	11	12	21	21	21	22	23	21	21	21	66	12	4	19	19	4	21	22	23	21	21	21	66	12	4	19	
0	0	0	0	0	0	0	0	0	0	0	0	0	0	0	0	0	0	0	0	0	0	0	0	0	0	0	0	0	0	0	0	0	0	0	0	0	0	0	0	0	0	0	0	0	0	0	0	0	0	0	0	0	0	0	0	0	0	0	0	0	0	0	0	0	0	0	0	0	0	0	0	0	0	0	0	0	0	0	0	0	0	0	0	0	0	0	0	0	0	0	0	0	0	0	0	1	2	67	85	67	86	34	35	33	34	39	85	67	86	97	98	99	100	39	85	67	86	39	39	39	39	39	85	67	86	2	112	4	4	4	118	119	120	121	4	4	4	4	4	4	4	4	4	4	4	4	4	4	4	4	4	4	4	4	4	4	4	4	4	4	4	4	4	4	4	20	21	21	21	41	42	43	44	21	21	21	21	4	4	4	4	122	123	43	44	21	21	21	21	4	4	
0	0	0	0	0	0	0	0	0	0	0	0	0	0	0	0	0	0	0	0	0	0	0	0	0	0	0	0	0	0	0	0	0	0	0	0	0	0	0	0	0	0	0	0	0	0	0	0	0	0	0	0	0	0	0	0	0	0	0	0	0	0	0	0	0	0	0	0	0	0	0	0	0	0	0	0	0	0	0	0	0	0	0	0	0	0	0	0	0	0	0	0	0	0	0	0	3	5	6	1	3	5	78	35	33	34	6	1	3	5	104	105	105	104	6	1	3	5	6	1	3	5	6	1	3	5	6	117	4	124	124	125	126	127	128	4	4	124	124	4	4	124	124	4	4	124	124	4	4	124	124	4	4	124	124	4	4	124	124	4	4	4	4	4	4	4	4	49	49	4	4	4	4	4	4	49	49	4	4	4	4	4	4	4	4	4	4	4	4	4	4	4	
0	0	0	0	0	0	0	0	0	0	0	0	0	0	0	0	0	0	0	0	0	0	0	0	0	0	0	0	0	0	0	0	0	0	0	0	0	0	0	0	0	0	0	0	0	0	0	0	0	0	0	0	0	0	0	0	0	0	0	0	0	0	0	0	0	0	0	0	0	0	0	0	0	0	0	0	0	0	0	0	0	0	0	0	0	0	0	0	0	0	0	0	0	0	0	0	1	2	2	15	1	2	33	35	33	34	2	15	1	2	2	15	1	2	2	15	1	2	2	15	1	2	2	15	1	2	2	3	1	2	2	3	1	2	2	3	1	2	2	3	1	2	2	3	1	2	2	3	1	2	2	3	1	2	2	3	1	2	2	3	19	4	4	19	19	4	4	4	4	4	4	19	19	4	4	4	4	4	4	19	19	4	4	19	19	4	4	19	19	4	4	19	
0	0	0	0	0	0	0	0	0	0	0	0	0	0	0	0	0	0	0	0	0	0	0	0	0	0	0	0	0	0	0	0	0	0	0	0	0	0	0	0	0	0	0	0	0	0	0	0	0	0	0	0	0	0	0	0	0	0	0	0	0	0	0	0	0	0	0	0	0	0	0	0	0	0	0	0	0	0	0	0	0	0	0	0	0	0	0	0	0	0	0	0	0	0	0	0	3	5	24	26	24	25	83	35	33	84	25	26	27	28	29	26	27	28	29	26	27	28	29	26	27	28	29	26	27	28	6	1	3	5	6	1	3	5	6	1	3	5	6	1	3	5	6	1	3	5	6	1	3	5	6	1	3	5	6	1	3	5	6	1	19	4	4	19	19	4	4	19	19	4	4	19	19	4	4	19	19	4	4	19	19	4	4	19	19	4	4	19	19	4	4	19	
0	0	0	0	0	0	0	0	0	0	0	0	0	0	0	0	0	0	0	0	0	0	0	0	0	0	0	0	0	0	0	0	0	0	0	0	0	0	0	0	0	0	0	0	0	0	0	0	0	0	0	0	0	0	0	0	0	0	0	0	0	0	0	0	0	0	0	0	0	0	0	0	0	0	0	0	0	0	0	0	0	0	0	0	0	0	0	0	0	0	0	0	0	0	0	0	1	2	33	35	33	34	39	85	67	86	34	35	36	37	38	35	36	37	38	35	36	37	38	35	36	37	38	35	36	37	2	3	1	2	2	3	1	2	2	3	1	2	2	3	1	2	2	3	1	2	2	3	1	2	2	3	1	2	2	3	1	2	2	3	129	129	129	129	129	129	129	129	129	129	129	129	129	129	129	129	129	129	129	129	129	129	129	129	129	129	129	129	129	129	129	129	
0	0	0	0	0	0	0	0	0	0	0	0	0	0	0	0	0	0	0	0	0	0	0	0	0	0	0	0	0	0	0	0	0	0	0	0	0	0	0	0	0	0	0	0	0	0	0	0	0	0	0	0	0	0	0	0	0	0	0	0	0	0	0	0	0	0	0	0	0	0	0	0	0	0	0	0	0	0	0	0	0	0	0	0	0	0	0	0	0	0	0	0	0	0	0	0	3	5	33	35	33	34	6	1	3	5	78	35	33	34	34	35	33	34	34	35	33	34	34	35	33	34	34	35	33	34	6	1	3	5	6	1	3	5	6	1	3	5	6	1	3	5	6	1	3	5	6	1	3	5	6	1	3	5	6	1	3	5	6	1	0	0	0	0	0	0	0	0	0	0	0	0	0	0	0	0	0	0	0	0	0	0	0	0	0	0	0	0	0	0	0	0	
0	0	0	0	0	0	0	0	0	0	0	0	0	0	0	0	0	0	0	0	0	0	0	0	0	0	0	0	0	0	0	0	0	0	0	0	0	0	0	0	0	0	0	0	0	0	0	0	0	0	0	0	0	0	0	0	0	0	0	0	0	0	0	0	0	0	0	0	0	0	0	0	0	0	0	0	0	0	0	0	0	0	0	0	0	0	0	0	0	0	0	0	0	0	0	0	1	2	33	35	33	34	2	3	1	2	33	35	33	34	34	35	33	34	34	35	33	34	34	35	33	34	34	35	33	34	2	3	1	2	2	3	1	2	2	15	1	2	2	15	1	2	2	15	1	2	2	15	1	2	2	15	1	2	2	15	1	2	2	3	0	0	0	0	0	0	0	0	0	0	0	0	0	0	0	0	0	0	0	0	0	0	0	0	0	0	0	0	0	0	0	0	
0	0	0	0	0	0	0	0	0	0	0	0	0	0	0	0	0	0	0	0	0	0	0	0	0	0	0	0	0	0	0	0	0	0	0	0	0	0	0	0	0	0	0	0	0	0	0	0	0	0	0	0	0	0	0	0	0	0	0	0	0	0	0	0	0	0	0	0	0	0	0	0	0	0	0	0	0	0	0	0	0	0	0	0	0	0	0	0	0	0	0	0	0	0	0	0	3	5	33	35	33	84	25	25	25	25	83	35	33	84	34	35	33	84	34	35	33	34	34	35	33	34	34	35	33	84	6	1	3	5	24	25	25	25	25	26	27	28	29	26	27	28	29	26	27	28	29	26	27	28	29	26	27	28	29	26	27	28	6	1	0	0	0	0	0	0	0	0	0	0	0	0	0	0	0	0	0	0	0	0	0	0	0	0	0	0	0	0	0	0	0	0	
0	0	0	0	0	0	0	0	0	0	0	0	0	0	0	0	0	0	0	0	0	0	0	0	0	0	0	0	0	0	0	0	0	0	0	0	0	0	0	0	0	0	0	0	0	0	0	0	0	0	0	0	0	0	0	0	0	0	0	0	0	0	0	0	0	0	0	0	0	0	0	0	0	0	0	0	0	0	0	0	0	0	0	0	0	0	0	0	0	0	0	0	0	0	0	0	1	2	67	85	67	86	39	39	39	39	39	85	67	86	39	85	67	86	34	35	33	34	34	35	33	34	39	85	67	86	2	3	1	2	67	39	39	39	34	35	36	37	38	35	36	37	38	35	36	37	38	35	36	37	38	35	36	37	38	35	36	37	2	3	0	0	0	0	0	0	0	0	0	0	0	0	0	0	0	0	0	0	0	0	0	0	0	0	0	0	0	0	0	0	0	0	
0	0	0	0	0	0	0	0	0	0	0	0	0	0	0	0	0	0	0	0	0	0	0	0	0	0	0	0	0	0	0	0	0	0	0	0	0	0	0	0	0	0	0	0	0	0	0	0	0	0	0	0	0	0	0	0	0	0	0	0	0	0	0	0	0	0	0	0	0	0	0	0	0	0	0	0	0	0	0	0	0	0	0	0	0	0	0	0	0	0	0	0	0	0	0	0	3	5	6	1	3	5	6	1	3	5	6	1	3	5	6	1	3	5	78	35	33	34	34	35	33	34	6	1	3	5	6	1	3	5	6	1	3	5	78	35	33	34	34	35	33	34	34	35	33	34	34	35	33	34	34	35	33	34	34	35	33	34	6	1	0	0	0	0	0	0	0	0	0	0	0	0	0	0	0	0	0	0	0	0	0	0	0	0	0	0	0	0	0	0	0	0	
0	0	0	0	0	0	0	0	0	0	0	0	0	0	0	0	0	0	0	0	0	0	0	0	0	0	0	0	0	0	0	0	0	0	0	0	0	0	0	0	0	0	0	0	0	0	0	0	0	0	0	0	0	0	0	0	0	0	0	0	0	0	0	0	0	0	0	0	0	0	0	0	0	0	0	0	0	0	0	0	0	0	0	0	0	0	0	0	0	0	0	0	0	0	0	0	1	2	2	15	1	2	2	15	1	2	2	15	1	2	2	15	1	2	33	35	33	34	34	35	33	34	2	3	53	54	2	3	1	2	130	131	1	2	33	35	33	34	34	35	33	34	34	35	33	34	34	35	33	34	34	35	33	34	34	35	33	34	2	3	0	0	0	0	0	0	0	0	0	0	0	0	0	0	0	0	0	0	0	0	0	0	0	0	0	0	0	0	0	0	0	0	
0	0	0	0	0	0	0	0	0	0	0	0	0	0	0	0	0	0	0	0	0	0	0	0	0	0	0	0	0	0	0	0	0	0	0	0	0	0	0	0	0	0	0	0	0	0	0	0	0	0	0	0	0	0	0	0	0	0	0	0	0	0	0	0	0	0	0	0	0	0	0	0	0	0	0	0	0	0	0	0	0	0	0	0	0	0	0	0	0	0	0	0	0	0	0	0	3	5	24	26	27	28	29	26	27	28	29	26	27	28	29	26	24	25	83	35	33	84	34	35	33	84	25	25	60	61	6	1	3	5	132	133	24	25	83	35	33	34	34	35	33	34	34	35	33	34	34	35	33	34	34	35	33	34	34	35	33	34	6	1	0	0	0	0	0	0	0	0	0	0	0	0	0	0	0	0	0	0	0	0	0	0	0	0	0	0	0	0	0	0	0	0	
0	0	0	0	0	0	0	0	0	0	0	0	0	0	0	0	0	0	0	0	0	0	0	0	0	0	0	0	0	0	0	0	0	0	0	0	0	0	0	0	0	0	0	0	0	0	0	0	0	0	0	0	0	0	0	0	0	0	0	0	0	0	0	0	0	0	0	0	0	0	0	0	0	0	0	0	0	0	0	0	0	0	0	0	0	0	0	0	0	0	0	0	0	0	0	0	1	2	33	35	36	37	38	35	36	37	38	35	36	37	38	35	33	34	39	85	67	86	39	85	67	86	39	39	72	73	2	3	1	2	134	135	67	39	34	35	33	34	34	35	33	34	34	35	33	34	34	35	33	34	34	35	33	34	34	35	33	34	2	3	0	0	0	0	0	0	0	0	0	0	0	0	0	0	0	0	0	0	0	0	0	0	0	0	0	0	0	0	0	0	0	0	
0	0	0	0	0	0	0	0	0	0	0	0	0	0	0	0	0	0	0	0	0	0	0	0	0	0	0	0	0	0	0	0	0	0	0	0	0	0	0	0	0	0	0	0	0	0	0	0	0	0	0	0	0	0	0	0	0	0	0	0	0	0	0	0	0	0	0	0	0	0	0	0	0	0	0	0	0	0	0	0	0	0	0	0	0	0	0	0	0	0	0	0	0	0	0	0	3	5	33	35	33	34	34	35	33	34	34	35	33	34	34	35	33	34	6	1	3	5	6	1	3	5	6	1	3	5	6	1	3	5	6	1	3	5	78	35	33	34	34	35	33	34	34	35	33	34	34	35	33	34	34	35	33	34	34	35	33	34	6	1	0	0	0	0	0	0	0	0	0	0	0	0	0	0	0	0	0	0	0	0	0	0	0	0	0	0	0	0	0	0	0	0	
0	0	0	0	0	0	0	0	0	0	0	0	0	0	0	0	0	0	0	0	0	0	0	0	0	0	0	0	0	0	0	0	0	0	0	0	0	0	0	0	0	0	0	0	0	0	0	0	0	0	0	0	0	0	0	0	0	0	0	0	0	0	0	0	0	0	0	0	0	0	0	0	0	0	0	0	0	0	0	0	0	0	0	0	0	0	0	0	0	0	0	0	0	0	0	0	1	2	33	35	33	34	34	35	33	34	34	35	33	34	34	35	33	34	2	15	1	2	2	15	1	2	2	15	1	2	2	3	1	2	2	3	1	2	33	35	33	34	34	35	33	34	34	35	33	34	34	35	33	34	34	35	136	52	34	35	33	34	2	3	0	0	0	0	0	0	0	0	0	0	0	0	0	0	0	0	0	0	0	0	0	0	0	0	0	0	0	0	0	0	0	0	
0	0	0	0	0	0	0	0	0	0	0	0	0	0	0	0	0	0	0	0	0	0	0	0	0	0	0	0	0	0	0	0	0	0	0	0	0	0	0	0	0	0	0	0	0	0	0	0	0	0	0	0	0	0	0	0	0	0	0	0	0	0	0	0	0	0	0	0	0	0	0	0	0	0	0	0	0	0	0	0	0	0	0	0	0	0	0	0	0	0	0	0	0	0	0	0	3	5	33	35	33	34	34	35	33	84	34	35	33	84	34	35	33	84	25	26	27	28	29	26	27	28	29	26	27	28	6	1	3	5	24	25	25	25	83	35	33	84	34	35	33	84	34	35	33	84	34	35	33	84	34	35	58	59	34	35	33	84	6	1	0	0	0	0	0	0	0	0	0	0	0	0	0	0	0	0	0	0	0	0	0	0	0	0	0	0	0	0	0	0	0	0	
0	0	0	0	0	0	0	0	0	0	0	0	0	0	0	0	0	0	0	0	0	0	0	0	0	0	0	0	0	0	0	0	0	0	0	0	0	0	0	0	0	0	0	0	0	0	0	0	0	0	0	0	0	0	0	0	0	0	0	0	0	0	0	0	0	0	0	0	0	0	0	0	0	0	0	0	0	0	0	0	0	0	0	0	0	0	0	0	0	0	0	0	0	0	0	0	1	2	33	35	33	34	39	85	67	86	97	98	99	100	39	85	67	86	34	35	36	37	38	35	36	37	38	35	36	37	2	3	1	2	67	39	39	39	39	85	67	86	39	85	67	86	39	85	67	86	39	85	67	86	39	85	69	70	39	85	67	86	2	3	0	0	0	0	0	0	0	0	0	0	0	0	0	0	0	0	0	0	0	0	0	0	0	0	0	0	0	0	0	0	0	0	
0	0	0	0	0	0	0	0	0	0	0	0	0	0	0	0	0	0	0	0	0	0	0	0	0	0	0	0	0	0	0	0	0	0	0	0	0	0	0	0	0	0	0	0	0	0	0	0	0	0	0	0	0	0	0	0	0	0	0	0	0	0	0	0	0	0	0	0	0	0	0	0	0	0	0	0	0	0	0	0	0	0	0	0	0	0	0	0	0	0	0	0	0	0	0	0	3	5	33	35	33	34	6	1	3	5	104	105	105	104	6	1	3	5	78	35	33	34	34	35	33	34	34	35	33	34	6	1	137	138	137	138	137	138	137	138	137	138	137	138	137	138	137	138	137	138	137	138	137	138	137	138	137	138	137	138	137	138	137	138	0	0	0	0	0	0	0	0	0	0	0	0	0	0	0	0	0	0	0	0	0	0	0	0	0	0	0	0	0	0	0	0	
0	0	0	0	0	0	0	0	0	0	0	0	0	0	0	0	0	0	0	0	0	0	0	0	0	0	0	0	0	0	0	0	0	0	0	0	0	0	0	0	0	0	0	0	0	0	0	0	0	0	0	0	0	0	0	0	0	0	0	0	0	0	0	0	0	0	0	0	0	0	0	0	0	0	0	0	0	0	0	0	0	0	0	0	0	0	0	0	0	0	0	0	0	0	0	0	1	2	33	35	33	34	2	15	1	2	2	15	1	2	2	15	1	2	33	35	33	34	34	35	33	34	34	35	33	34	2	112	0	0	0	0	0	0	0	0	0	0	0	0	0	0	0	0	0	0	0	0	0	0	0	0	0	0	0	0	0	0	0	0	0	0	0	0	0	0	0	0	0	0	0	0	0	0	0	0	0	0	0	0	0	0	0	0	0	0	0	0	0	0	0	0	
0	0	0	0	0	0	0	0	0	0	0	0	0	0	0	0	0	0	0	0	0	0	0	0	0	0	0	0	0	0	0	0	0	0	0	0	0	0	0	0	0	0	0	0	0	0	0	0	0	0	0	0	0	0	0	0	0	0	0	0	0	0	0	0	0	0	0	0	0	0	0	0	0	0	0	0	0	0	0	0	0	0	0	0	0	0	0	0	0	0	0	0	0	0	0	0	3	5	33	35	33	84	25	26	27	28	29	26	27	28	29	26	24	25	83	35	33	34	34	35	33	34	34	35	33	34	6	139	0	0	0	0	0	0	0	0	0	0	0	0	0	0	0	0	0	0	0	0	0	0	0	0	0	0	0	0	0	0	0	0	0	0	0	0	0	0	0	0	0	0	0	0	0	0	0	0	0	0	0	0	0	0	0	0	0	0	0	0	0	0	0	0	
0	0	0	0	0	0	0	0	0	0	0	0	0	0	0	0	0	0	0	0	0	0	0	0	0	0	0	0	0	0	0	0	0	0	0	0	0	0	0	0	0	0	0	0	0	0	0	0	0	0	0	0	0	0	0	0	0	0	0	0	0	0	0	0	0	0	0	0	0	0	0	0	0	0	0	0	0	0	0	0	0	0	0	0	0	0	0	0	0	0	0	0	0	0	0	0	1	2	67	85	67	86	34	35	36	37	38	35	36	37	38	35	33	34	34	35	33	34	34	35	33	34	34	35	33	34	2	3	0	0	0	0	0	0	0	0	0	0	0	0	0	0	0	0	0	0	0	0	0	0	0	0	0	0	0	0	0	0	0	0	0	0	0	0	0	0	0	0	0	0	0	0	0	0	0	0	0	0	0	0	0	0	0	0	0	0	0	0	0	0	0	0	
0	0	0	0	0	0	0	0	0	0	0	0	0	0	0	0	0	0	0	0	0	0	0	0	0	0	0	0	0	0	0	0	0	0	0	0	0	0	0	0	0	0	0	0	0	0	0	0	0	0	0	0	0	0	0	0	0	0	0	0	0	0	0	0	0	0	0	0	0	0	0	0	0	0	0	0	0	0	0	0	0	0	0	0	0	0	0	0	0	0	0	0	0	0	0	0	3	5	6	1	3	5	78	35	33	34	34	35	33	34	34	35	33	34	34	35	33	34	34	35	33	34	34	35	33	34	6	1	0	0	0	0	0	0	0	0	0	0	0	0	0	0	0	0	0	0	0	0	0	0	0	0	0	0	0	0	0	0	0	0	0	0	0	0	0	0	0	0	0	0	0	0	0	0	0	0	0	0	0	0	0	0	0	0	0	0	0	0	0	0	0	0	
0	0	0	0	0	0	0	0	0	0	0	0	0	0	0	0	0	0	0	0	0	0	0	0	0	0	0	0	0	0	0	0	0	0	0	0	0	0	0	0	0	0	0	0	0	0	0	0	0	0	0	0	0	0	0	0	0	0	0	0	0	0	0	0	0	0	0	0	0	0	0	0	0	0	0	0	0	0	0	0	0	0	0	0	0	0	0	0	0	0	0	0	0	0	0	0	140	2	2	3	1	2	33	35	33	34	34	35	33	34	34	35	33	34	34	35	33	34	34	35	33	34	34	35	33	34	2	3	0	0	0	0	0	0	0	0	0	0	0	0	0	0	0	0	0	0	0	0	0	0	0	0	0	0	0	0	0	0	0	0	0	0	0	0	0	0	0	0	0	0	0	0	0	0	0	0	0	0	0	0	0	0	0	0	0	0	0	0	0	0	0	0	
0	0	0	0	0	0	0	0	0	0	0	0	0	0	0	0	0	0	0	0	0	0	0	0	0	0	0	0	0	0	0	0	0	0	0	0	0	0	0	0	0	0	0	0	0	0	0	0	0	0	0	0	0	0	0	0	0	0	0	0	0	0	0	0	0	0	0	0	0	0	0	0	0	0	0	0	0	0	0	0	0	0	0	0	0	0	0	0	0	0	0	0	0	0	0	0	3	5	24	25	25	25	83	35	33	84	34	35	33	84	34	35	33	84	34	35	33	84	34	35	33	84	34	35	33	34	6	1	0	0	0	0	0	0	0	0	0	0	0	0	0	0	0	0	0	0	0	0	0	0	0	0	0	0	0	0	0	0	0	0	0	0	0	0	0	0	0	0	0	0	0	0	0	0	0	0	0	0	0	0	0	0	0	0	0	0	0	0	0	0	0	0	
0	0	0	0	0	0	0	0	0	0	0	0	0	0	0	0	0	0	0	0	0	0	0	0	0	0	0	0	0	0	0	0	0	0	0	0	0	0	0	0	0	0	0	0	0	0	0	0	0	0	0	0	0	0	0	0	0	0	0	0	0	0	0	0	0	0	0	0	0	0	0	0	0	0	0	0	0	0	0	0	0	0	0	0	0	0	0	0	0	0	0	0	0	0	0	0	140	2	67	39	39	39	39	85	67	86	39	85	67	86	39	85	67	86	97	98	99	100	39	85	67	86	34	35	33	34	2	3	0	0	0	0	0	0	0	0	0	0	0	0	0	0	0	0	0	0	0	0	0	0	0	0	0	0	0	0	0	0	0	0	0	0	0	0	0	0	0	0	0	0	0	0	0	0	0	0	0	0	0	0	0	0	0	0	0	0	0	0	0	0	0	0	
0	0	0	0	0	0	0	0	0	0	0	0	0	0	0	0	0	0	0	0	0	0	0	0	0	0	0	0	0	0	0	0	0	0	0	0	0	0	0	0	0	0	0	0	0	0	0	0	0	0	0	0	0	0	0	0	0	0	0	0	0	0	0	0	0	0	0	0	0	0	0	0	0	0	0	0	0	0	0	0	0	0	0	0	0	0	0	0	0	0	0	0	0	0	0	0	3	5	6	1	3	5	6	1	3	5	6	1	3	5	6	1	3	5	104	105	105	104	6	1	3	5	78	35	33	34	6	1	0	0	0	0	0	0	0	0	0	0	0	0	0	0	0	0	0	0	0	0	0	0	0	0	0	0	0	0	0	0	0	0	0	0	0	0	0	0	0	0	0	0	0	0	0	0	0	0	0	0	0	0	0	0	0	0	0	0	0	0	0	0	0	0	
0	0	0	0	0	0	0	0	0	0	0	0	0	0	0	0	0	0	0	0	0	0	0	0	0	0	0	0	0	0	0	0	0	0	0	0	0	0	0	0	0	0	0	0	0	0	0	0	0	0	0	0	0	0	0	0	0	0	0	0	0	0	0	0	0	0	0	0	0	0	0	0	0	0	0	0	0	0	0	0	0	0	0	0	0	0	0	0	0	0	0	0	0	0	0	0	140	2	130	131	1	2	2	15	1	2	141	142	1	2	2	15	1	2	2	15	1	2	2	15	1	2	33	35	33	34	2	3	0	0	0	0	0	0	0	0	0	0	0	0	0	0	0	0	0	0	0	0	0	0	0	0	0	0	0	0	0	0	0	0	0	0	0	0	0	0	0	0	0	0	0	0	0	0	0	0	0	0	0	0	0	0	0	0	0	0	0	0	0	0	0	0	
0	0	0	0	0	0	0	0	0	0	0	0	0	0	0	0	0	0	0	0	0	0	0	0	0	0	0	0	0	0	0	0	0	0	0	0	0	0	0	0	0	0	0	0	0	0	0	0	0	0	0	0	0	0	0	0	0	0	0	0	0	0	0	0	0	0	0	0	0	0	0	0	0	0	0	0	0	0	0	0	0	0	0	0	0	0	0	0	0	0	0	0	0	0	0	0	3	5	132	133	24	25	25	26	27	28	143	143	27	28	29	26	27	28	29	26	27	28	29	26	24	25	83	35	33	84	6	1	0	0	0	0	0	0	0	0	0	0	0	0	0	0	0	0	0	0	0	0	0	0	0	0	0	0	0	0	0	0	0	0	0	0	0	0	0	0	0	0	0	0	0	0	0	0	0	0	0	0	0	0	0	0	0	0	0	0	0	0	0	0	0	0	
0	0	0	0	0	0	0	0	0	0	0	0	0	0	0	0	0	0	0	0	0	0	0	0	0	0	0	0	0	0	0	0	0	0	0	0	0	0	0	0	0	0	0	0	0	0	0	0	0	0	0	0	0	0	0	0	0	0	0	0	0	0	0	0	0	0	0	0	0	0	0	0	0	0	0	0	0	0	0	0	0	0	0	0	0	0	0	0	0	0	0	0	0	0	0	0	140	2	134	135	67	39	34	35	36	37	143	143	36	37	38	35	36	37	38	35	36	37	38	35	33	34	39	85	67	86	2	3	0	0	0	0	0	0	0	0	0	0	0	0	0	0	0	0	0	0	0	0	0	0	0	0	0	0	0	0	0	0	0	0	0	0	0	0	0	0	0	0	0	0	0	0	0	0	0	0	0	0	0	0	0	0	0	0	0	0	0	0	0	0	0	0	
0	0	0	0	0	0	0	0	0	0	0	0	0	0	0	0	0	0	0	0	0	0	0	0	0	0	0	0	0	0	0	0	0	0	0	0	0	0	0	0	0	0	0	0	0	0	0	0	0	0	0	0	0	0	0	0	0	0	0	0	0	0	0	0	0	0	0	0	0	0	0	0	0	0	0	0	0	0	0	0	0	0	0	0	0	0	0	0	0	0	0	0	0	0	0	0	3	5	6	1	3	5	78	35	33	34	143	143	33	34	34	35	33	34	34	35	33	34	34	35	33	34	6	1	3	5	6	1	0	0	0	0	0	0	0	0	0	0	0	0	0	0	0	0	0	0	0	0	0	0	0	0	0	0	0	0	0	0	0	0	0	0	0	0	0	0	0	0	0	0	0	0	0	0	0	0	0	0	0	0	0	0	0	0	0	0	0	0	0	0	0	0	
0	0	0	0	0	0	0	0	0	0	0	0	0	0	0	0	0	0	0	0	0	0	0	0	0	0	0	0	0	0	0	0	0	0	0	0	0	0	0	0	0	0	0	0	0	0	0	0	0	0	0	0	0	0	0	0	0	0	0	0	0	0	0	0	0	0	0	0	0	0	0	0	0	0	0	0	0	0	0	0	0	0	0	0	0	0	0	0	0	0	0	0	0	0	0	0	140	2	2	15	1	2	144	35	33	34	143	143	33	34	34	35	33	34	34	35	33	34	34	35	33	34	2	3	1	2	2	3	0	0	0	0	0	0	0	0	0	0	0	0	0	0	0	0	0	0	0	0	0	0	0	0	0	0	0	0	0	0	0	0	0	0	0	0	0	0	0	0	0	0	0	0	0	0	0	0	0	0	0	0	0	0	0	0	0	0	0	0	0	0	0	0	
0	0	0	0	0	0	0	0	0	0	0	0	0	0	0	0	0	0	0	0	0	0	0	0	0	0	0	0	0	0	0	0	0	0	0	0	0	0	0	0	0	0	0	0	0	0	0	0	0	0	0	0	0	0	0	0	0	0	0	0	0	0	0	0	0	0	0	0	0	0	0	0	0	0	0	0	0	0	0	0	0	0	0	0	0	0	0	0	0	0	0	0	0	0	0	0	3	5	24	26	24	25	34	35	33	84	145	145	33	84	34	35	33	84	34	35	33	34	34	35	33	84	25	25	25	25	6	117	0	0	0	0	0	0	0	0	0	0	0	0	0	0	0	0	0	0	0	0	0	0	0	0	0	0	0	0	0	0	0	0	0	0	0	0	0	0	0	0	0	0	0	0	0	0	0	0	0	0	0	0	0	0	0	0	0	0	0	0	0	0	0	0	
0	0	0	0	0	0	0	0	0	0	0	0	0	0	0	0	0	0	0	0	0	0	0	0	0	0	0	0	0	0	0	0	0	0	0	0	0	0	0	0	0	0	0	0	0	0	0	0	0	0	0	0	0	0	0	0	0	0	0	0	0	0	0	0	0	0	0	0	0	0	0	0	0	0	0	0	0	0	0	0	0	0	0	0	0	0	0	0	0	0	0	0	0	0	0	0	140	2	33	35	33	34	39	85	67	86	146	146	67	86	39	85	67	86	34	35	33	34	39	85	67	86	39	39	39	39	2	112	0	0	0	0	0	0	0	0	0	0	0	0	0	0	0	0	0	0	0	0	0	0	0	0	0	0	0	0	0	0	0	0	0	0	0	0	0	0	0	0	0	0	0	0	0	0	0	0	0	0	0	0	0	0	0	0	0	0	0	0	0	0	0	0	
0	0	0	0	0	0	0	0	0	0	0	0	0	0	0	0	0	0	0	0	0	0	0	0	0	0	0	0	0	0	0	0	0	0	0	0	0	0	0	0	0	0	0	0	0	0	0	0	0	0	0	0	0	0	0	0	0	0	0	0	0	0	0	0	0	0	0	0	0	0	0	0	0	0	0	0	0	0	0	0	0	0	0	0	0	0	0	0	0	0	0	0	0	0	0	0	3	5	33	35	33	34	6	1	3	5	6	1	3	5	6	1	3	5	78	35	33	34	6	1	3	5	6	1	3	5	6	117	0	0	0	0	0	0	0	0	0	0	0	0	0	0	0	0	0	0	0	0	0	0	0	0	0	0	0	0	0	0	0	0	0	0	0	0	0	0	0	0	0	0	0	0	0	0	0	0	0	0	0	0	0	0	0	0	0	0	0	0	0	0	0	0	
0	0	0	0	0	0	0	0	0	0	0	0	0	0	0	0	0	0	0	0	0	0	0	0	0	0	0	0	0	0	0	0	0	0	0	0	0	0	0	0	0	0	0	0	0	0	0	0	0	0	0	0	0	0	0	0	0	0	0	0	0	0	0	0	0	0	0	0	0	0	0	0	0	0	0	0	0	0	0	0	0	0	0	0	0	0	0	0	0	0	0	0	0	0	0	0	147	148	149	35	149	150	2	151	1	2	152	153	1	2	2	15	1	2	33	35	33	34	2	15	1	2	2	15	1	2	2	154	0	0	0	0	0	0	0	0	0	0	0	0	0	0	0	0	0	0	0	0	0	0	0	0	0	0	0	0	0	0	0	0	0	0	0	0	0	0	0	0	0	0	0	0	0	0	0	0	0	0	0	0	0	0	0	0	0	0	0	0	0	0	0	0	
0	0	0	0	0	0	0	0	0	0	0	0	0	0	0	0	0	0	0	0	0	0	0	0	0	0	0	0	0	0	0	0	0	0	0	0	0	0	0	0	0	0	0	0	0	0	0	0	0	0	0	0	0	0	0	0	0	0	0	0	0	0	0	0	0	0	0	0	0	0	0	0	0	0	0	0	0	0	0	0	0	0	0	0	0	0	0	0	0	0	0	0	0	0	0	0	155	156	157	35	157	158	159	160	161	162	163	163	164	28	29	26	24	25	83	35	33	84	25	26	27	28	29	26	27	28	6	1	165	165	165	165	165	165	165	165	165	165	165	165	165	165	165	165	165	165	165	165	165	165	165	165	165	165	165	165	165	165	165	165	0	0	0	0	0	0	0	0	0	0	0	0	0	0	0	0	0	0	0	0	0	0	0	0	0	0	0	0	0	0	0	0	
0	0	0	0	0	0	0	0	0	0	0	0	0	0	0	0	0	0	0	0	0	0	0	0	0	0	0	0	0	0	0	0	4	4	4	4	4	4	4	4	4	4	4	4	4	4	4	4	4	4	4	4	4	4	4	4	4	4	4	4	4	4	4	4	4	4	4	4	4	4	4	4	4	4	4	4	4	4	4	4	4	4	4	4	4	4	4	4	4	4	4	4	4	4	4	4	166	167	168	169	168	170	171	172	173	174	163	163	175	37	38	35	33	34	39	85	67	86	34	35	36	37	38	35	36	37	2	3	176	176	176	176	176	176	176	176	176	176	176	176	176	176	176	176	176	176	176	176	176	176	176	176	176	176	176	176	176	176	176	176	0	0	0	0	0	0	0	0	0	0	0	0	0	0	0	0	0	0	0	0	0	0	0	0	0	0	0	0	0	0	0	0	
0	0	0	0	0	0	0	0	0	0	0	0	0	0	0	0	0	0	0	0	0	0	0	0	0	0	0	0	0	0	0	0	88	89	88	89	88	89	88	89	88	89	88	89	88	89	88	89	4	4	11	12	12	12	12	12	12	12	12	13	14	12	12	12	12	12	12	12	12	12	12	13	14	12	12	12	12	12	4	4	4	4	4	4	4	4	4	4	4	4	4	4	4	4	4	4	155	156	177	166	155	156	177	166	155	156	163	163	157	34	34	35	33	34	6	1	3	5	78	35	33	34	34	35	33	34	6	1	178	179	180	181	178	179	180	181	178	179	180	181	178	179	180	181	178	179	180	181	178	179	180	181	178	179	180	181	178	179	180	181	0	0	0	0	0	0	0	0	0	0	0	0	0	0	0	0	0	0	0	0	0	0	0	0	0	0	0	0	0	0	0	0	
0	0	0	0	0	0	0	0	0	0	0	0	0	0	0	0	0	0	0	0	0	0	0	0	0	0	0	0	0	0	0	0	89	182	182	88	89	182	182	88	89	182	182	88	89	182	182	88	19	4	20	21	21	21	21	21	21	21	21	22	23	21	21	21	21	21	21	21	21	21	21	22	23	21	21	21	21	21	4	19	4	4	88	89	88	89	88	89	88	89	88	89	88	89	4	4	166	167	183	184	185	183	183	186	185	183	163	163	157	34	34	35	33	34	2	3	1	2	33	35	33	34	34	35	33	34	2	3	187	188	188	178	181	188	188	178	181	188	188	178	181	188	188	178	181	188	188	178	181	188	188	178	181	188	188	178	181	188	188	178	0	0	0	0	0	0	0	0	0	0	0	0	0	0	0	0	0	0	0	0	0	0	0	0	0	0	0	0	0	0	0	0	
0	0	0	0	0	0	0	0	0	0	0	0	0	0	0	0	0	0	0	0	0	0	0	0	0	0	0	0	0	0	0	0	88	89	101	189	190	191	192	189	101	102	102	102	102	102	88	89	19	4	20	21	21	21	21	21	21	21	21	22	23	21	21	21	21	21	21	21	21	21	21	22	23	21	21	21	21	21	4	19	4	4	92	92	92	92	92	93	94	95	92	93	94	95	4	4	193	194	195	196	196	196	196	160	197	198	199	199	200	84	34	35	33	84	25	25	25	25	83	35	33	34	34	35	33	84	6	1	178	179	201	202	202	202	202	202	202	202	202	202	202	202	202	202	202	202	202	202	202	202	202	203	204	204	202	202	202	202	180	181	0	0	0	0	0	0	0	0	0	0	0	0	0	0	0	0	0	0	0	0	0	0	0	0	0	0	0	0	0	0	0	0	
0	0	0	0	0	0	0	0	0	0	0	0	0	0	0	0	0	0	0	0	0	0	0	0	0	0	0	0	0	0	0	0	89	182	106	35	205	206	207	35	106	107	107	107	107	107	182	88	4	4	20	21	21	21	21	21	21	21	41	42	43	44	21	21	21	21	21	21	21	21	41	42	43	44	21	21	21	21	4	4	4	4	92	92	101	102	102	102	103	92	101	102	103	92	4	4	1	2	67	39	39	39	208	209	36	37	146	146	67	86	39	85	67	86	39	39	39	39	34	35	33	34	39	85	67	86	2	3	187	188	210	211	211	211	212	212	212	212	212	212	212	212	212	212	212	212	212	212	212	212	211	213	214	215	212	212	212	212	188	178	0	0	0	0	0	0	0	0	0	0	0	0	0	0	0	0	0	0	0	0	0	0	0	0	0	0	0	0	0	0	0	0	
0	0	0	0	0	0	0	0	0	0	0	0	0	0	0	0	0	0	0	0	0	0	0	0	0	0	0	0	0	0	0	0	88	89	106	35	106	107	107	35	106	107	88	89	88	89	88	89	4	4	20	21	21	21	21	21	21	21	4	4	4	4	20	21	21	21	4	49	49	4	4	4	4	4	20	21	21	21	4	4	4	4	92	92	106	107	107	107	108	92	106	107	108	92	4	4	3	5	6	1	3	5	143	143	33	34	6	1	3	5	6	1	3	5	6	1	3	5	78	35	33	34	6	1	3	5	6	1	178	179	180	181	178	179	216	212	212	212	212	212	212	212	212	212	212	212	212	212	212	212	180	181	178	179	216	212	212	212	180	181	0	0	0	0	0	0	0	0	0	0	0	0	0	0	0	0	0	0	0	0	0	0	0	0	0	0	0	0	0	0	0	0	
0	0	0	0	0	0	0	0	0	0	0	0	0	0	0	0	0	0	0	0	0	0	0	0	0	0	0	0	0	0	0	0	89	182	106	35	106	107	107	35	106	107	182	88	89	182	182	88	19	4	20	21	21	21	21	21	4	4	4	19	19	4	20	21	4	4	4	4	4	4	4	19	19	4	20	21	4	4	4	19	4	4	92	92	106	107	107	107	108	92	106	107	108	92	4	4	1	2	130	131	1	2	143	143	33	34	2	15	1	2	2	15	1	2	2	15	1	2	33	35	33	34	2	3	53	54	2	3	187	188	217	218	181	188	219	212	212	212	212	212	212	212	212	212	212	212	212	212	212	212	220	178	181	188	219	212	212	212	188	178	0	0	0	0	0	0	0	0	0	0	0	0	0	0	0	0	0	0	0	0	0	0	0	0	0	0	0	0	0	0	0	0	
0	0	0	0	0	0	0	0	0	0	0	0	0	0	0	0	0	0	0	0	0	0	0	0	0	0	0	0	0	0	0	0	88	89	106	35	106	107	107	35	106	111	102	102	64	65	88	89	19	4	62	63	21	21	21	21	66	12	4	19	19	4	20	21	66	12	4	19	19	4	4	19	19	4	20	21	66	12	4	19	4	4	92	92	106	107	107	107	108	92	106	107	64	65	4	4	3	5	132	133	24	25	145	145	33	84	25	26	27	28	29	26	27	28	29	26	24	25	83	35	33	84	25	25	60	61	6	1	178	179	132	133	201	202	221	212	212	212	212	212	212	212	212	212	212	212	212	212	212	212	222	202	202	202	221	212	212	212	180	181	0	0	0	0	0	0	0	0	0	0	0	0	0	0	0	0	0	0	0	0	0	0	0	0	0	0	0	0	0	0	0	0	
0	0	0	0	0	0	0	0	0	0	0	0	0	0	0	0	0	0	0	0	0	0	0	0	0	0	0	0	0	0	0	0	89	182	106	35	106	107	107	35	106	115	107	107	76	77	182	88	4	4	74	75	21	21	21	21	21	21	4	4	4	4	20	21	21	21	4	4	4	4	4	4	4	4	20	21	21	21	4	4	4	4	92	92	106	107	107	107	108	92	106	107	76	77	4	4	1	2	134	135	67	39	146	146	67	86	34	35	36	37	38	35	36	37	38	35	33	34	39	85	67	86	39	39	72	73	2	3	187	188	134	135	210	211	212	212	212	212	212	212	212	212	212	212	212	212	212	212	212	212	212	212	212	212	212	212	212	212	188	178	0	0	0	0	0	0	0	0	0	0	0	0	0	0	0	0	0	0	0	0	0	0	0	0	0	0	0	0	0	0	0	0	
0	0	0	0	0	0	0	0	0	0	0	0	0	0	0	0	0	0	0	0	0	0	0	0	0	0	0	0	0	0	0	0	88	89	106	35	106	107	88	89	88	89	88	89	88	89	88	89	4	4	4	4	4	4	20	21	21	21	4	4	4	4	50	21	21	21	12	12	12	12	4	4	4	4	50	21	21	21	4	4	4	4	92	223	224	225	107	111	108	92	88	89	4	4	4	4	3	5	6	1	3	5	6	1	3	5	78	35	33	34	34	35	33	34	34	35	33	34	6	1	3	5	6	1	3	5	6	1	178	179	180	181	178	179	216	212	212	212	212	212	212	212	212	212	212	212	212	212	212	212	212	212	212	212	212	212	212	212	180	181	0	0	0	0	0	0	0	0	0	0	0	0	0	0	0	0	0	0	0	0	0	0	0	0	0	0	0	0	0	0	0	0	
0	0	0	0	0	0	0	0	0	0	0	0	0	0	0	0	0	0	0	0	0	0	0	0	0	0	0	0	0	0	0	0	89	182	106	35	106	107	182	88	89	182	182	88	89	182	182	88	19	4	4	19	19	4	20	21	4	4	4	19	19	4	4	4	21	21	21	21	21	21	4	19	19	4	4	4	21	21	4	19	4	4	92	226	92	227	107	115	116	92	4	4	4	4	4	4	1	2	2	3	1	2	2	3	1	2	33	35	33	34	34	35	33	34	34	35	33	34	2	3	1	2	2	15	1	2	2	3	187	188	188	178	181	188	219	212	212	212	212	212	212	212	212	212	212	212	212	212	212	212	212	212	212	212	212	212	212	212	188	178	0	0	0	0	0	0	0	0	0	0	0	0	0	0	0	0	0	0	0	0	0	0	0	0	0	0	0	0	0	0	0	0	
0	0	0	0	0	0	0	0	0	0	0	0	0	0	0	0	0	0	0	0	0	0	0	0	0	0	0	0	0	0	0	0	88	89	106	35	106	111	102	189	190	191	192	189	190	191	88	89	19	4	4	19	19	4	20	21	66	12	4	19	19	4	11	12	21	21	21	21	21	21	4	19	19	4	11	12	21	21	4	19	4	4	88	89	88	89	88	89	88	89	4	4	4	4	4	4	3	5	24	25	25	25	25	25	25	25	83	35	33	84	34	35	33	84	34	35	33	84	25	25	25	25	25	26	27	28	6	1	178	179	201	202	202	202	221	228	229	212	212	212	212	212	212	212	212	212	212	212	212	212	212	212	212	212	212	212	212	212	180	181	0	0	0	0	0	0	0	0	0	0	0	0	0	0	0	0	0	0	0	0	0	0	0	0	0	0	0	0	0	0	0	0	
0	0	0	0	0	0	0	0	0	0	0	0	0	0	0	0	0	0	0	0	0	0	0	0	0	0	0	0	0	0	0	0	89	182	106	35	106	115	107	35	205	206	207	35	205	206	182	88	4	4	4	4	4	4	20	21	21	21	4	4	4	4	20	21	21	21	21	21	21	21	4	4	4	4	20	21	21	21	4	4	4	4	230	231	232	233	234	4	4	4	4	4	4	4	4	4	1	2	67	39	39	39	39	39	39	39	39	85	67	86	97	98	99	100	39	85	67	86	39	39	39	39	34	35	36	37	2	3	187	188	219	212	212	212	235	236	237	235	212	212	212	212	212	212	212	212	212	212	212	212	212	212	212	212	212	212	212	212	188	178	0	0	0	0	0	0	0	0	0	0	0	0	0	0	0	0	0	0	0	0	0	0	0	0	0	0	0	0	0	0	0	0	
0	0	0	0	0	0	0	0	0	0	0	0	0	0	0	0	0	0	0	0	0	0	0	0	0	0	0	0	0	0	0	0	88	89	106	35	106	107	107	35	106	107	107	35	106	107	88	89	4	4	4	4	4	4	50	21	21	21	4	4	4	4	4	49	49	4	50	21	21	21	4	4	4	4	20	21	21	21	4	4	4	4	238	239	240	241	242	4	4	4	4	4	4	4	4	4	3	5	6	1	3	5	6	1	3	5	6	1	3	5	104	105	105	104	6	1	3	5	6	1	3	5	78	35	33	34	6	1	178	179	219	212	212	212	243	105	105	243	216	212	212	212	212	212	212	212	212	212	212	212	212	212	212	212	212	212	212	212	180	181	0	0	0	0	0	0	0	0	0	0	0	0	0	0	0	0	0	0	0	0	0	0	0	0	0	0	0	0	0	0	0	0	
0	0	0	0	0	0	0	0	0	0	0	0	0	0	0	0	0	0	0	0	0	0	0	0	0	0	0	0	0	0	0	0	89	182	106	35	106	107	107	35	106	107	107	35	106	107	182	88	19	4	4	19	19	4	4	4	21	21	4	19	19	4	4	4	4	4	4	4	21	21	4	19	19	4	20	21	4	4	4	19	4	4	4	4	4	4	4	4	4	4	4	4	4	4	4	4	1	2	2	15	1	2	2	15	1	2	2	15	1	2	2	15	1	2	2	15	1	2	2	15	1	2	33	35	33	34	2	3	187	188	219	212	212	212	220	178	181	188	219	212	212	212	212	212	212	212	212	212	212	212	212	212	212	212	212	212	212	212	188	178	0	0	0	0	0	0	0	0	0	0	0	0	0	0	0	0	0	0	0	0	0	0	0	0	0	0	0	0	0	0	0	0	
0	0	0	0	0	0	0	0	0	0	0	0	0	0	0	0	0	0	0	0	0	0	0	0	0	0	0	0	0	0	0	0	88	89	106	35	106	107	107	35	106	111	107	35	106	107	88	89	19	4	4	19	19	4	11	12	21	21	4	19	19	4	4	19	19	4	11	12	21	21	4	19	19	4	20	21	66	12	4	19	4	4	4	4	4	4	4	4	4	4	4	4	4	4	4	4	3	5	24	26	27	28	29	26	27	28	29	26	27	28	29	26	27	28	29	26	27	28	29	26	24	25	83	35	33	84	6	1	178	179	219	228	229	212	222	202	202	202	221	228	229	212	212	212	212	212	212	212	212	212	212	212	212	212	212	212	212	212	180	181	0	0	0	0	0	0	0	0	0	0	0	0	0	0	0	0	0	0	0	0	0	0	0	0	0	0	0	0	0	0	0	0	
0	0	0	0	0	0	0	0	0	0	0	0	0	0	0	0	0	0	0	0	0	0	0	0	0	0	0	0	0	0	0	0	89	182	106	35	106	107	107	35	106	115	107	35	106	107	182	88	4	4	4	4	4	4	20	21	21	21	4	4	4	4	4	4	4	4	20	21	21	21	4	4	4	4	20	21	21	21	4	4	4	4	4	4	4	4	4	4	4	4	4	4	4	4	4	4	1	2	33	35	36	37	38	35	36	37	38	35	36	37	38	35	36	37	38	35	36	37	38	35	33	34	39	85	67	86	2	3	187	188	210	244	245	211	212	212	212	212	235	236	237	235	212	212	212	212	212	212	212	212	212	212	212	212	212	212	212	212	188	178	0	0	0	0	0	0	0	0	0	0	0	0	0	0	0	0	0	0	0	0	0	0	0	0	0	0	0	0	0	0	0	0	
0	0	0	0	0	0	0	0	0	0	0	0	0	0	0	0	0	0	0	0	0	0	0	0	0	0	0	0	0	0	0	0	88	89	106	35	106	107	107	35	106	107	107	35	106	107	88	89	4	4	11	12	12	12	87	21	21	21	4	4	4	4	12	13	14	12	87	21	21	21	4	4	4	4	50	21	21	21	4	4	4	4	4	4	4	4	4	4	4	4	4	4	4	4	4	4	3	5	33	35	33	34	34	35	33	34	34	35	33	34	34	35	33	34	34	35	33	34	34	35	33	34	6	1	3	5	6	1	178	179	180	181	178	179	216	212	212	212	243	105	105	243	216	212	212	212	212	212	212	212	212	212	212	212	212	212	212	212	180	181	0	0	0	0	0	0	0	0	0	0	0	0	0	0	0	0	0	0	0	0	0	0	0	0	0	0	0	0	0	0	0	0	
0	0	0	0	0	0	0	0	0	0	0	0	0	0	0	0	0	0	0	0	0	0	0	0	0	0	0	0	0	0	0	0	89	182	106	35	106	107	107	35	106	107	107	35	106	107	182	88	19	4	20	21	21	21	21	21	4	4	4	19	19	4	21	22	23	21	21	21	4	4	4	19	19	4	4	4	21	21	4	19	4	4	88	89	88	89	88	89	88	89	88	89	88	89	4	4	1	2	33	35	33	34	34	35	33	34	34	35	33	34	34	35	33	34	34	35	33	34	34	35	33	34	2	15	1	2	2	3	187	188	188	178	181	188	219	212	212	212	220	178	181	188	219	212	212	212	212	212	212	212	212	212	212	212	212	212	212	212	188	178	0	0	0	0	0	0	0	0	0	0	0	0	0	0	0	0	0	0	0	0	0	0	0	0	0	0	0	0	0	0	0	0	
0	0	0	0	0	0	0	0	0	0	0	0	0	0	0	0	0	0	0	0	0	0	0	0	0	0	0	0	0	0	0	0	88	89	106	35	106	111	107	35	106	107	107	35	106	111	88	89	19	4	20	21	21	21	21	21	66	12	4	19	19	4	21	22	23	21	21	21	66	12	4	19	19	4	11	12	21	21	4	19	4	4	92	93	94	95	92	93	94	95	92	93	94	95	4	4	3	5	33	35	33	34	34	35	33	84	34	35	33	84	34	35	33	84	34	35	33	84	34	35	33	84	25	26	27	28	6	1	178	179	201	202	202	202	221	228	229	212	222	202	202	202	221	228	229	212	212	212	212	212	212	212	212	212	212	212	212	212	180	181	0	0	0	0	0	0	0	0	0	0	0	0	0	0	0	0	0	0	0	0	0	0	0	0	0	0	0	0	0	0	0	0	
0	0	0	0	0	0	0	0	0	0	0	0	0	0	0	0	0	0	0	0	0	0	0	0	0	0	0	0	0	0	0	0	89	182	106	35	106	115	107	35	106	107	107	35	106	115	182	88	4	4	20	21	21	21	21	21	21	21	4	4	4	4	41	42	43	44	21	21	21	246	4	4	4	4	20	21	21	21	4	4	4	4	101	102	103	92	101	102	103	92	101	102	103	92	4	4	1	2	33	35	33	34	39	85	67	86	97	98	99	100	39	85	67	86	39	85	67	86	39	85	67	86	34	35	36	37	2	3	187	188	219	212	212	212	235	236	237	235	212	212	212	212	211	244	245	211	212	212	212	212	212	212	212	212	212	212	212	212	188	178	0	0	0	0	0	0	0	0	0	0	0	0	0	0	0	0	0	0	0	0	0	0	0	0	0	0	0	0	0	0	0	0	
0	0	0	0	0	0	0	0	0	0	0	0	0	0	0	0	0	0	0	0	0	0	0	0	0	0	0	0	0	0	0	0	88	89	106	35	106	107	107	35	106	107	107	35	106	107	88	89	4	4	20	21	21	21	4	49	49	4	4	4	4	4	4	49	49	4	4	49	49	4	4	4	4	4	20	21	21	21	4	4	4	4	106	107	108	92	106	107	108	92	106	107	108	92	4	4	3	5	33	35	33	34	6	1	3	5	104	105	105	104	6	1	3	5	6	1	3	5	6	1	3	5	78	35	33	34	6	1	178	179	219	212	212	212	243	105	105	243	216	212	212	212	180	181	178	179	216	212	212	212	212	212	212	212	212	212	212	212	180	247	0	0	0	0	0	0	0	0	0	0	0	0	0	0	0	0	0	0	0	0	0	0	0	0	0	0	0	0	0	0	0	0	
0	0	0	0	0	0	0	0	0	0	0	0	0	0	0	0	0	0	0	0	0	0	0	0	0	0	0	0	0	0	0	0	89	182	106	35	106	107	107	35	106	107	107	35	106	107	182	88	19	4	20	21	4	4	4	4	4	4	4	19	19	4	4	4	4	4	4	4	4	4	4	19	19	4	20	21	4	4	4	19	4	4	106	107	108	92	106	107	108	92	106	107	108	92	4	4	1	2	33	35	33	34	2	15	1	2	2	15	1	2	2	15	1	2	141	142	1	2	2	15	1	2	33	35	33	34	2	3	187	188	219	212	212	212	220	178	181	188	219	212	212	212	220	178	181	188	219	212	212	212	212	212	212	212	212	212	212	212	188	248	0	0	0	0	0	0	0	0	0	0	0	0	0	0	0	0	0	0	0	0	0	0	0	0	0	0	0	0	0	0	0	0	
0	0	0	0	0	0	0	0	0	0	0	0	0	0	0	0	0	0	0	0	0	0	0	0	0	0	0	0	0	0	0	0	88	89	106	35	106	107	107	35	106	111	107	35	106	107	88	89	19	4	20	21	66	12	4	19	19	4	4	19	19	4	4	19	19	4	4	19	19	4	4	19	19	4	20	21	64	65	4	19	4	4	62	63	108	92	106	107	108	92	106	107	108	92	4	4	3	5	33	35	33	84	25	26	27	28	29	26	27	28	29	26	27	28	143	143	27	28	29	26	24	25	83	35	33	84	6	1	178	179	219	228	229	212	222	202	202	202	221	228	229	212	222	202	202	202	221	228	229	212	212	212	212	212	212	212	212	212	180	181	0	0	0	0	0	0	0	0	0	0	0	0	0	0	0	0	0	0	0	0	0	0	0	0	0	0	0	0	0	0	0	0	
0	0	0	0	0	0	0	0	0	0	0	0	0	0	0	0	0	0	0	0	0	0	0	0	0	0	0	0	0	0	0	0	89	182	106	35	106	107	107	35	106	115	107	35	106	107	182	88	4	4	20	21	21	21	4	4	4	4	4	4	4	4	4	4	4	4	4	4	4	4	4	4	4	4	20	21	76	77	4	4	4	4	74	75	108	92	106	107	108	92	106	107	108	92	4	4	1	2	67	85	67	86	34	35	36	37	38	35	36	37	38	35	36	37	143	143	36	37	38	35	33	34	39	85	67	86	2	3	187	188	210	244	245	211	212	212	212	212	211	244	245	211	212	212	212	212	235	236	237	235	212	212	212	212	212	212	212	212	188	178	0	0	0	0	0	0	0	0	0	0	0	0	0	0	0	0	0	0	0	0	0	0	0	0	0	0	0	0	0	0	0	0	
0	0	0	0	0	0	0	0	0	0	0	0	0	0	0	0	0	0	0	0	0	0	0	0	0	0	0	0	0	0	0	0	88	89	106	35	106	107	107	35	106	107	107	35	106	107	88	89	4	4	50	21	21	21	12	12	12	12	12	13	14	12	12	12	12	12	12	13	14	12	4	4	4	4	4	4	4	4	4	4	4	4	88	89	88	89	106	111	108	92	106	223	224	225	4	4	3	5	6	1	3	5	78	35	33	34	34	35	33	34	34	35	33	34	143	143	33	34	34	35	33	34	6	1	3	5	6	1	249	179	180	181	178	179	216	212	212	212	180	181	178	179	216	212	212	212	243	105	105	243	216	212	212	212	212	212	212	212	180	181	0	0	0	0	0	0	0	0	0	0	0	0	0	0	0	0	0	0	0	0	0	0	0	0	0	0	0	0	0	0	0	0	
0	0	0	0	0	0	0	0	0	0	0	0	0	0	0	0	0	0	0	0	0	0	0	0	0	0	0	0	0	0	0	0	89	182	106	35	106	107	107	35	106	107	107	35	106	107	182	88	19	4	4	4	21	21	21	21	21	21	21	22	23	21	21	21	21	21	21	22	23	21	4	19	19	4	4	19	19	4	4	19	4	4	4	4	4	4	106	115	116	92	106	226	92	227	4	4	1	2	2	3	1	2	33	35	33	34	34	35	33	34	34	35	33	34	143	143	33	34	34	35	33	34	2	3	1	2	2	3	248	188	188	178	181	188	219	212	212	212	220	178	181	188	219	212	212	212	220	178	181	188	219	212	212	212	212	212	212	212	188	178	0	0	0	0	0	0	0	0	0	0	0	0	0	0	0	0	0	0	0	0	0	0	0	0	0	0	0	0	0	0	0	0	
0	0	0	0	0	0	0	0	0	0	0	0	0	0	0	0	0	0	0	0	0	0	0	0	0	0	0	0	0	0	0	0	88	89	106	35	106	111	107	35	106	107	107	35	106	111	88	89	19	4	11	12	21	21	21	21	21	21	21	22	23	21	21	21	21	21	21	22	23	21	4	19	19	4	4	19	19	4	4	19	4	4	4	4	4	4	88	89	88	89	88	89	88	89	4	4	3	5	24	25	25	25	83	35	33	84	34	35	33	84	34	35	33	34	143	143	33	84	34	35	33	84	25	25	25	25	6	1	250	179	201	202	202	202	221	228	229	212	222	202	202	202	221	228	229	212	222	202	202	202	221	228	229	212	212	212	212	212	180	181	0	0	0	0	0	0	0	0	0	0	0	0	0	0	0	0	0	0	0	0	0	0	0	0	0	0	0	0	0	0	0	0	
0	0	0	0	0	0	0	0	0	0	0	0	0	0	0	0	0	0	0	0	0	0	0	0	0	0	0	0	0	0	0	0	89	182	106	35	106	115	107	35	106	107	107	35	106	115	182	88	4	4	20	21	21	21	21	21	21	21	41	42	43	44	251	246	252	21	41	42	43	44	4	4	4	4	4	4	4	4	4	4	4	4	4	4	4	4	4	4	4	253	254	255	254	256	4	4	1	2	67	39	39	39	39	85	67	86	39	85	67	86	34	35	33	34	257	257	67	86	39	85	67	86	39	39	39	39	2	3	187	188	219	212	212	212	211	244	245	211	212	212	212	212	211	244	245	211	211	211	211	211	211	244	245	211	212	212	212	212	188	178	0	0	0	0	0	0	0	0	0	0	0	0	0	0	0	0	0	0	0	0	0	0	0	0	0	0	0	0	0	0	0	0	
0	0	0	0	0	0	0	0	0	0	0	0	0	0	0	0	0	0	0	0	0	0	0	0	0	0	0	0	0	0	0	0	88	89	106	35	106	107	107	35	106	107	107	35	106	107	88	89	258	259	260	260	260	260	4	4	4	261	262	262	262	263	4	4	4	4	4	4	4	4	4	4	4	4	4	4	4	4	4	4	4	4	4	4	4	4	4	4	4	264	265	266	267	268	4	4	3	5	6	1	3	5	6	1	3	5	6	1	3	5	78	35	33	34	6	1	3	5	6	1	3	5	6	1	3	5	6	1	178	179	219	212	212	212	180	181	178	179	216	212	212	212	180	181	178	179	180	181	178	179	180	181	178	179	216	212	212	212	180	181	0	0	0	0	0	0	0	0	0	0	0	0	0	0	0	0	0	0	0	0	0	0	0	0	0	0	0	0	0	0	0	0	
0	0	0	0	0	0	0	0	0	0	0	0	0	0	0	0	0	0	0	0	0	0	0	0	0	0	0	0	0	0	0	0	89	182	106	35	106	107	107	35	106	107	107	35	106	107	182	88	269	270	271	272	273	270	4	19	19	261	274	275	275	276	4	19	19	277	4	19	19	277	4	19	19	4	4	4	4	4	4	4	4	4	4	4	4	4	4	4	4	4	4	4	4	4	4	4	1	2	2	15	1	2	2	15	1	2	141	142	1	2	33	35	33	34	2	15	1	2	2	15	1	2	2	15	1	2	2	3	187	188	219	212	212	212	220	178	181	188	219	212	212	212	220	178	181	188	188	178	181	188	188	178	181	188	219	212	212	212	188	178	0	0	0	0	0	0	0	0	0	0	0	0	0	0	0	0	0	0	0	0	0	0	0	0	0	0	0	0	0	0	0	0	
0	0	0	0	0	0	0	0	0	0	0	0	0	0	0	0	0	0	0	0	0	0	0	0	0	0	0	0	0	0	0	0	88	89	106	35	106	107	107	35	106	111	107	35	106	107	88	89	278	270	271	272	273	270	4	19	19	261	274	275	275	279	4	19	19	280	4	19	19	280	4	19	19	4	4	4	4	4	4	4	4	4	4	4	4	4	4	4	4	4	4	4	4	4	4	4	3	5	24	26	27	28	29	26	27	28	143	143	24	25	83	35	33	84	25	26	27	28	29	26	27	28	29	26	27	28	6	281	178	179	219	228	229	212	222	202	202	202	221	228	229	212	222	202	202	202	202	202	202	202	202	202	202	202	221	212	212	212	180	181	0	0	0	0	0	0	0	0	0	0	0	0	0	0	0	0	0	0	0	0	0	0	0	0	0	0	0	0	0	0	0	0	
0	0	0	0	0	0	0	0	0	0	0	0	0	0	0	0	0	0	0	0	0	0	0	0	0	0	0	0	0	0	0	0	89	182	106	35	106	107	107	35	106	115	107	35	106	107	182	88	282	283	271	271	271	271	4	4	4	261	274	274	274	284	4	4	4	285	4	4	4	285	4	4	4	4	4	4	4	4	4	4	4	4	4	4	4	4	4	4	4	4	4	4	4	4	4	4	1	2	33	35	36	37	38	35	36	37	143	143	33	34	39	85	67	86	34	35	36	37	38	35	36	37	38	35	36	37	2	286	187	188	210	244	245	211	212	212	212	212	235	236	237	235	211	211	211	211	211	211	211	211	212	212	212	212	212	212	212	212	188	178	0	0	0	0	0	0	0	0	0	0	0	0	0	0	0	0	0	0	0	0	0	0	0	0	0	0	0	0	0	0	0	0	
0	0	0	0	0	0	0	0	0	0	0	0	0	0	0	0	0	0	0	0	0	0	0	0	0	0	0	0	0	0	0	0	88	89	106	35	106	107	107	35	106	107	107	35	106	107	88	89	4	4	287	287	287	287	4	4	4	4	288	288	288	289	4	4	4	4	4	4	4	4	4	4	4	4	4	4	4	4	4	4	4	4	4	4	4	4	4	4	4	4	4	4	4	4	4	4	3	5	33	35	33	34	34	35	33	34	143	143	33	34	6	1	3	5	78	35	33	34	34	35	33	34	34	35	33	34	6	1	178	179	180	181	178	179	216	212	212	212	243	105	105	243	180	181	178	179	180	181	178	179	216	212	212	212	212	212	212	212	180	181	0	0	0	0	0	0	0	0	0	0	0	0	0	0	0	0	0	0	0	0	0	0	0	0	0	0	0	0	0	0	0	0	
0	0	0	0	0	0	0	0	0	0	0	0	0	0	0	0	0	0	0	0	0	0	0	0	0	0	0	0	0	0	0	0	89	182	106	35	106	107	107	35	106	107	107	35	106	107	182	88	4	4	88	89	88	89	88	89	88	89	88	89	88	89	88	89	88	89	88	89	88	89	88	89	88	89	88	89	88	89	88	89	88	89	88	89	88	89	88	89	88	89	88	89	88	89	4	4	1	2	33	35	33	34	34	35	33	34	143	143	33	34	2	3	1	2	33	35	33	34	34	35	33	34	34	35	33	34	2	3	187	188	188	178	181	188	219	212	212	212	220	178	181	188	188	178	181	188	188	178	181	188	219	212	212	212	212	212	212	212	188	178	0	0	0	0	0	0	0	0	0	0	0	0	0	0	0	0	0	0	0	0	0	0	0	0	0	0	0	0	0	0	0	0	
0	0	0	0	0	0	0	0	0	0	0	0	0	0	0	0	0	0	0	0	0	0	0	0	0	0	0	0	0	0	0	0	88	89	106	35	106	111	107	35	106	107	107	35	106	111	88	89	4	4	92	93	94	95	92	93	94	95	92	93	94	95	92	93	94	95	92	93	94	95	92	93	94	95	92	93	94	95	92	93	94	95	92	93	94	95	92	93	94	95	92	93	94	95	4	4	3	5	33	35	33	84	34	35	33	34	145	145	33	84	25	25	25	25	83	35	33	84	34	35	33	84	34	35	33	34	6	1	178	179	201	202	202	202	221	228	229	212	222	202	202	202	202	202	202	202	202	202	202	202	221	228	229	212	212	212	212	212	180	181	0	0	0	0	0	0	0	0	0	0	0	0	0	0	0	0	0	0	0	0	0	0	0	0	0	0	0	0	0	0	0	0	
0	0	0	0	0	0	0	0	0	0	0	0	0	0	0	0	0	0	0	0	0	0	0	0	0	0	0	0	0	0	0	0	89	182	106	35	106	115	107	35	106	107	107	290	106	115	182	88	4	4	101	102	103	92	101	102	103	92	101	102	103	92	101	102	103	92	101	102	103	92	101	102	103	92	101	102	103	92	101	102	103	92	101	102	103	92	101	102	103	92	101	102	103	92	4	4	1	2	67	85	67	86	34	35	33	34	146	146	67	86	39	39	39	39	39	85	67	86	39	85	67	86	34	35	33	34	2	3	187	188	210	211	211	211	211	244	245	211	211	211	211	211	211	211	211	211	212	212	212	212	211	244	245	211	212	212	212	212	188	178	0	0	0	0	0	0	0	0	0	0	0	0	0	0	0	0	0	0	0	0	0	0	0	0	0	0	0	0	0	0	0	0	
0	0	0	0	0	0	0	0	0	0	0	0	0	0	0	0	0	0	0	0	0	0	0	0	0	0	0	0	0	0	0	0	88	89	106	35	106	107	107	35	106	107	88	89	88	89	88	89	4	4	106	107	108	92	106	107	108	92	106	107	108	92	106	107	108	92	106	107	108	92	106	107	108	92	106	107	108	92	106	107	108	92	106	107	108	92	106	107	108	92	106	107	108	92	4	4	3	5	6	1	3	5	78	35	33	34	6	1	3	5	6	1	3	5	6	1	3	5	6	1	3	5	78	35	33	34	6	1	178	179	180	181	178	179	180	181	178	179	180	181	178	179	178	181	178	179	216	212	212	212	180	181	178	179	216	212	212	212	180	181	0	0	0	0	0	0	0	0	0	0	0	0	0	0	0	0	0	0	0	0	0	0	0	0	0	0	0	0	0	0	0	0	
0	0	0	0	0	0	0	0	0	0	0	0	0	0	0	0	0	0	0	0	0	0	0	0	0	0	0	0	0	0	0	0	89	182	106	35	106	107	107	35	106	107	182	88	89	182	182	88	4	4	106	107	108	92	106	107	108	92	106	107	108	92	106	107	108	92	106	107	108	92	106	107	108	92	106	107	108	92	106	107	108	92	106	107	108	92	106	107	108	92	106	107	108	92	4	4	1	2	130	131	1	2	33	35	33	34	2	15	1	2	2	15	1	2	2	15	1	2	2	15	1	2	33	35	33	34	2	3	187	188	188	178	181	188	188	178	181	188	188	178	181	188	181	178	181	188	219	212	212	212	220	178	181	188	219	212	212	212	188	178	0	0	0	0	0	0	0	0	0	0	0	0	0	0	0	0	0	0	0	0	0	0	0	0	0	0	0	0	0	0	0	0	
0	0	0	0	0	0	0	0	0	0	0	0	0	0	0	0	0	0	0	0	0	0	0	0	0	0	0	0	0	0	0	0	88	89	106	35	106	107	107	35	106	107	102	102	64	65	88	89	4	4	62	63	108	92	106	107	108	92	106	107	108	92	106	107	108	92	106	107	108	92	106	107	108	92	106	107	108	92	106	107	108	92	106	107	108	92	106	107	108	92	106	107	64	65	4	4	3	5	132	133	24	25	83	35	33	84	25	26	27	28	29	26	27	28	29	26	27	28	29	26	24	25	83	35	33	84	6	1	178	179	201	202	202	202	202	202	202	202	202	202	202	202	202	202	202	202	221	228	229	212	222	202	202	202	221	212	212	212	180	181	0	0	0	0	0	0	0	0	0	0	0	0	0	0	0	0	0	0	0	0	0	0	0	0	0	0	0	0	0	0	0	0	
0	0	0	0	0	0	0	0	0	0	0	0	0	0	0	0	0	0	0	0	0	0	0	0	0	0	0	0	0	0	0	0	89	182	106	35	106	107	107	35	106	107	107	107	76	77	182	88	4	4	74	75	108	92	106	107	108	92	106	107	108	92	106	107	108	92	106	107	108	92	106	107	108	92	106	107	108	92	106	107	108	92	106	107	108	92	106	107	108	92	106	107	76	77	4	4	1	2	134	135	67	39	39	85	67	86	34	35	36	37	38	35	36	37	38	35	36	37	38	35	33	34	39	85	67	86	2	3	187	188	219	212	212	212	211	211	211	211	211	211	211	211	212	212	212	212	235	236	237	235	211	211	211	211	212	212	212	212	188	178	0	0	0	0	0	0	0	0	0	0	0	0	0	0	0	0	0	0	0	0	0	0	0	0	0	0	0	0	0	0	0	0	
0	0	0	0	0	0	0	0	0	0	0	0	0	0	0	0	0	0	0	0	0	0	0	0	0	0	0	0	0	0	0	0	88	89	106	35	106	107	107	35	106	107	88	89	88	89	88	89	4	4	88	89	88	89	106	111	108	92	106	111	108	92	106	111	108	92	106	111	108	92	106	111	108	92	106	111	108	92	106	111	108	92	106	111	108	92	106	111	108	92	88	89	4	4	4	4	3	5	6	1	3	5	6	1	3	5	78	35	33	34	34	35	33	34	34	35	33	34	34	35	33	34	6	1	3	5	6	1	178	179	219	212	212	212	180	181	178	179	180	181	178	179	216	212	212	212	243	105	105	243	180	181	178	179	216	212	212	212	180	181	0	0	0	0	0	0	0	0	0	0	0	0	0	0	0	0	0	0	0	0	0	0	0	0	0	0	0	0	0	0	0	0	
0	0	0	0	0	0	0	0	0	0	0	0	0	0	0	0	0	0	0	0	0	0	0	0	0	0	0	0	0	0	0	0	89	182	106	35	106	107	107	35	106	107	182	88	89	182	182	88	4	4	4	4	4	4	106	115	116	92	106	115	116	92	106	115	116	92	106	115	116	92	106	115	116	92	106	115	116	92	106	115	116	92	106	115	116	92	106	115	116	92	4	4	4	4	4	4	1	2	2	3	1	2	2	3	1	2	33	35	33	34	34	35	33	34	34	35	33	34	34	35	33	34	2	3	1	2	2	3	187	188	219	212	212	212	220	178	181	188	188	178	181	188	219	212	212	212	220	178	181	188	188	178	181	188	219	212	212	212	188	178	0	0	0	0	0	0	0	0	0	0	0	0	0	0	0	0	0	0	0	0	0	0	0	0	0	0	0	0	0	0	0	0	
0	0	0	0	0	0	0	0	0	0	0	0	0	0	0	0	0	0	0	0	0	0	0	0	0	0	0	0	0	0	0	0	88	89	106	35	106	111	107	35	106	111	102	102	102	102	88	89	4	4	4	4	4	4	88	89	88	89	88	89	88	89	88	89	88	89	88	89	88	89	88	89	88	89	88	89	88	89	88	89	88	89	88	89	88	89	88	89	88	89	4	4	4	4	4	4	3	5	24	25	25	25	25	25	25	25	83	35	33	84	34	35	33	84	34	35	33	84	34	35	33	84	25	25	25	25	6	1	178	179	219	228	229	212	222	202	202	202	202	202	202	202	221	228	229	212	222	202	202	202	202	202	202	202	221	212	212	212	180	181	0	0	0	0	0	0	0	0	0	0	0	0	0	0	0	0	0	0	0	0	0	0	0	0	0	0	0	0	0	0	0	0	
0	0	0	0	0	0	0	0	0	0	0	0	0	0	0	0	0	0	0	0	0	0	0	0	0	0	0	0	0	0	0	0	89	182	106	290	106	115	107	290	106	115	107	107	107	107	182	88	4	4	4	4	4	4	4	4	4	4	4	4	4	4	4	4	4	4	4	4	4	4	4	4	4	4	4	4	4	4	4	4	4	4	4	4	4	4	4	4	4	4	4	4	4	4	4	4	1	2	67	39	39	39	39	39	39	39	39	85	67	86	39	85	67	86	39	85	67	86	39	85	67	86	39	39	39	39	2	3	187	188	291	236	237	235	211	211	211	211	212	212	212	212	235	236	237	235	211	211	211	211	212	212	212	212	212	212	212	212	188	178	0	0	0	0	0	0	0	0	0	0	0	0	0	0	0	0	0	0	0	0	0	0	0	0	0	0	0	0	0	0	0	0	
0	0	0	0	0	0	0	0	0	0	0	0	0	0	0	0	0	0	0	0	0	0	0	0	0	0	0	0	0	0	0	0	292	293	292	293	292	293	292	293	292	293	292	293	292	293	292	293	129	129	129	129	129	129	129	129	129	129	129	129	129	129	129	129	4	4	4	4	4	4	4	4	4	4	4	4	4	4	4	4	4	4	4	4	4	4	4	4	4	4	4	4	4	4	4	4	3	1	3	1	3	1	3	1	3	1	3	1	3	1	3	1	3	1	3	1	3	1	3	1	3	1	3	1	3	1	3	1	178	179	243	105	105	243	180	181	178	179	216	212	212	212	243	105	105	243	180	181	178	179	216	212	212	212	212	212	212	212	180	181	0	0	0	0	0	0	0	0	0	0	0	0	0	0	0	0	0	0	0	0	0	0	0	0	0	0	0	0	0	0	0	0	
0	0	0	0	0	0	0	0	0	0	0	0	0	0	0	0	0	0	0	0	0	0	0	0	0	0	0	0	0	0	0	0	0	0	0	0	0	0	0	0	0	0	0	0	0	0	0	0	0	0	0	0	0	0	0	0	0	0	0	0	0	0	0	0	294	294	294	294	294	294	294	294	294	294	294	294	294	294	294	294	294	294	294	294	294	294	294	294	294	294	294	294	294	294	294	294	4	4	4	4	4	4	4	4	4	4	4	4	4	4	4	4	4	4	4	4	4	4	4	4	4	4	4	4	4	4	4	4	187	188	188	178	181	188	188	178	181	188	219	212	212	212	220	178	181	188	188	178	181	188	219	212	212	212	212	212	212	212	188	178	0	0	0	0	0	0	0	0	0	0	0	0	0	0	0	0	0	0	0	0	0	0	0	0	0	0	0	0	0	0	0	0	
0	0	0	0	0	0	0	0	0	0	0	0	0	0	0	0	0	0	0	0	0	0	0	0	0	0	0	0	0	0	0	0	0	0	0	0	0	0	0	0	0	0	0	0	0	0	0	0	0	0	0	0	0	0	0	0	0	0	0	0	0	0	0	0	295	295	295	295	295	295	295	295	295	295	295	295	295	295	295	295	295	295	295	295	295	295	295	295	295	295	295	295	295	295	295	295	4	4	4	4	4	4	4	4	4	4	4	4	4	4	4	4	4	4	4	4	4	4	4	4	4	4	4	4	4	4	4	4	178	179	201	202	202	202	202	202	202	202	221	228	229	212	222	202	202	202	202	202	202	202	221	228	229	212	212	212	212	212	180	181	296	296	296	296	296	296	296	296	296	296	296	296	296	296	296	296	296	296	296	296	296	296	296	296	296	296	296	296	296	296	296	296	
0	0	0	0	0	0	0	0	0	0	0	0	0	0	0	0	0	0	0	0	0	0	0	0	0	0	0	0	0	0	0	0	0	0	0	0	0	0	0	0	0	0	0	0	0	0	0	0	0	0	0	0	0	0	0	0	0	0	0	0	0	0	0	0	176	176	176	176	176	176	176	176	176	176	176	176	176	176	176	176	176	176	176	176	176	176	176	176	176	176	176	176	176	176	176	176	297	297	298	298	297	297	298	298	297	297	298	298	297	297	298	298	297	297	298	298	297	297	298	298	297	297	298	298	297	297	298	298	187	188	219	212	212	212	211	211	211	211	235	236	237	235	211	211	211	211	212	212	212	212	211	244	245	211	212	212	212	212	188	178	299	299	299	299	299	299	299	299	299	299	299	299	299	299	299	299	299	299	299	299	299	299	299	299	299	299	299	299	299	299	299	299	
0	0	0	0	0	0	0	0	0	0	0	0	0	0	0	0	0	0	0	0	0	0	0	0	0	0	0	0	0	0	0	0	0	0	0	0	0	0	0	0	0	0	0	0	0	0	0	0	0	0	0	0	0	0	0	0	0	0	0	0	0	0	0	0	178	179	180	181	178	179	180	300	301	179	180	300	301	179	180	300	301	179	180	181	178	179	180	181	178	179	180	181	178	179	180	181	295	295	302	302	295	295	302	302	295	295	302	302	295	295	302	302	295	295	302	302	295	295	302	302	295	295	302	302	295	295	302	302	178	179	219	212	212	212	180	181	178	179	243	105	105	243	180	181	178	179	216	212	212	212	180	181	178	179	216	212	212	212	180	181	4	4	92	92	4	4	92	92	4	4	92	92	4	4	92	92	4	4	92	92	4	4	92	92	4	4	92	92	4	4	92	92	
0	0	0	0	0	0	0	0	0	0	0	0	0	0	0	0	0	0	0	0	0	0	0	0	0	0	0	0	0	0	0	0	0	0	0	0	0	0	0	0	0	0	0	0	0	0	0	0	0	0	0	0	0	0	0	0	0	0	0	0	0	0	0	0	181	188	188	178	303	188	188	304	305	188	188	304	305	188	188	304	305	188	188	178	303	188	188	178	303	188	188	178	303	188	188	178	295	295	295	295	295	295	295	295	295	295	295	295	295	295	295	295	295	295	295	295	295	295	295	295	295	295	295	295	295	295	295	295	187	188	219	212	212	212	220	178	181	188	188	178	181	188	188	178	181	188	219	212	212	212	220	178	181	188	219	212	212	212	188	178	4	4	4	4	4	4	4	4	4	4	4	4	4	4	4	4	4	4	4	4	4	4	4	4	4	4	4	4	4	4	4	4	
0	0	0	0	0	0	0	0	0	0	0	0	0	0	0	0	0	0	0	0	0	0	0	0	0	0	0	0	0	0	0	0	0	0	0	0	0	0	0	0	0	0	0	0	0	0	0	0	0	0	0	0	0	0	0	0	0	0	0	0	0	0	0	0	178	179	201	202	306	202	202	202	306	202	202	202	306	202	202	202	306	202	202	202	306	202	202	202	306	202	202	202	306	202	180	181	295	295	295	176	176	176	295	176	307	176	295	176	307	176	295	176	307	176	295	176	307	176	295	176	307	176	295	176	176	176	295	295	178	179	219	228	229	212	222	202	202	202	202	202	202	202	202	202	202	202	221	228	229	212	222	202	202	202	221	228	229	212	180	181	4	4	4	4	4	4	4	4	4	4	4	4	4	4	4	4	4	4	4	4	4	4	4	4	4	4	4	4	4	4	4	4	
0	0	0	0	0	0	0	0	0	0	0	0	0	0	0	0	0	0	0	0	0	0	0	0	0	0	0	0	0	0	0	0	0	0	0	0	0	0	0	0	0	0	0	0	0	0	0	0	0	0	0	0	0	0	0	0	0	0	0	0	0	0	0	0	181	188	219	212	308	212	211	211	309	211	211	211	309	211	211	211	309	211	211	211	309	211	212	212	308	212	211	211	309	211	188	178	295	295	295	201	202	202	295	201	306	202	295	201	306	202	295	201	306	202	295	201	306	202	295	201	306	202	295	201	202	202	295	295	187	188	291	236	237	235	212	212	212	212	211	211	211	211	212	212	212	212	211	244	245	211	211	211	211	211	211	244	245	211	188	178	4	4	4	11	12	12	4	11	310	12	4	11	310	12	4	11	310	12	4	11	310	12	4	11	310	12	4	11	310	12	4	4	
0	0	0	0	0	0	0	0	0	0	0	0	0	0	0	0	0	0	0	0	0	0	0	0	0	0	0	0	0	0	0	0	0	0	0	0	0	0	0	0	0	0	0	0	0	0	0	0	0	0	0	0	0	0	0	0	0	0	0	0	0	0	0	0	178	179	219	212	308	212	180	181	178	179	180	181	178	179	180	181	178	179	180	181	178	179	216	212	308	212	180	181	178	179	180	181	295	295	176	219	212	212	311	219	312	212	311	219	312	212	311	219	312	212	311	219	312	212	311	219	312	212	311	219	212	212	295	295	178	179	243	105	105	243	216	212	212	212	180	181	178	179	216	212	212	212	180	181	178	179	180	181	178	179	180	181	178	179	180	181	4	4	4	20	21	21	4	20	313	21	4	20	313	21	4	20	313	21	4	20	313	21	4	20	313	21	4	20	313	21	4	4	
0	0	0	0	0	0	0	0	0	0	0	0	0	0	0	0	0	0	0	0	0	0	0	0	0	0	0	0	0	0	0	0	0	0	0	0	0	0	0	0	0	0	0	0	0	0	0	0	0	0	0	0	0	0	0	0	0	0	0	0	0	0	0	0	181	188	219	212	308	212	220	178	303	188	188	178	303	188	188	178	179	243	188	178	303	188	219	212	308	212	220	178	314	315	188	178	295	295	316	317	212	212	222	221	318	319	222	221	318	319	222	221	318	319	222	221	318	319	222	221	318	319	222	221	320	321	295	295	187	188	217	218	181	188	219	212	212	212	220	178	181	188	219	212	212	212	220	178	181	188	188	178	181	188	188	178	314	315	188	178	4	4	12	87	21	21	66	87	322	323	66	87	322	323	66	87	322	323	66	87	322	323	66	87	322	323	66	87	313	21	4	4	
0	0	0	0	0	0	0	0	0	0	0	0	0	0	0	0	0	0	0	0	0	0	0	0	0	0	0	0	0	0	0	0	0	0	0	0	0	0	0	0	0	0	0	0	0	0	0	0	0	0	0	0	0	0	0	0	0	0	0	0	0	0	0	0	178	179	219	212	308	212	222	202	306	202	202	202	306	202	202	202	243	243	201	202	306	202	221	212	308	212	222	202	60	61	180	181	295	295	132	133	212	212	212	212	324	219	212	212	324	219	212	212	324	219	212	212	324	219	212	212	324	219	212	212	60	61	295	295	178	179	132	133	201	202	221	228	229	212	222	202	202	202	221	228	229	212	222	202	202	202	202	202	202	202	202	202	60	61	180	181	4	4	62	63	21	21	21	21	325	20	21	21	325	20	21	21	325	20	21	21	325	20	21	21	325	20	21	21	109	110	4	4	
0	0	0	0	0	0	0	0	0	0	0	0	0	0	0	0	0	0	0	0	0	0	0	0	0	0	0	0	0	0	0	0	0	0	0	0	0	0	0	0	0	0	0	0	0	0	0	0	0	0	0	0	0	0	0	0	0	0	0	0	0	0	0	0	181	188	210	211	326	211	211	211	309	211	212	212	308	212	212	212	243	243	219	212	308	212	211	211	326	211	211	211	72	73	188	178	295	295	327	328	329	329	329	329	330	331	329	329	330	331	329	329	330	331	329	329	330	331	329	329	330	331	329	329	332	333	295	295	187	188	134	135	210	211	211	244	245	211	212	212	212	212	211	244	245	211	211	211	211	211	212	212	212	212	211	211	72	73	188	178	4	4	74	75	21	21	21	21	334	20	21	21	334	20	21	21	334	20	21	21	334	20	21	21	334	20	21	21	113	114	4	4	
0	0	0	0	0	0	0	0	0	0	0	0	0	0	0	0	0	0	0	0	0	0	0	0	0	0	0	0	0	0	0	0	0	0	0	0	0	0	0	0	0	0	0	0	0	0	0	0	0	0	0	0	0	0	0	0	0	0	0	0	0	0	0	0	178	179	180	181	178	179	180	181	178	179	216	212	308	212	212	212	243	243	219	212	308	212	180	181	178	179	180	181	178	179	180	181	295	295	295	295	295	295	295	295	295	295	295	295	295	295	295	295	295	295	295	295	295	295	295	295	295	295	295	295	295	295	295	295	178	179	180	181	178	179	180	181	178	179	216	212	212	212	180	181	178	179	180	181	178	179	216	212	212	212	180	181	178	179	180	181	4	4	4	4	4	4	4	4	4	4	4	4	4	4	4	4	4	4	4	4	4	4	4	4	4	4	4	4	4	4	4	4	
0	0	0	0	0	0	0	0	0	0	0	0	0	0	0	0	0	0	0	0	0	0	0	0	0	0	0	0	0	0	0	0	0	0	0	0	0	0	0	0	0	0	0	0	0	0	0	0	0	0	0	0	0	0	0	0	0	0	0	0	0	0	0	0	181	188	188	178	303	188	188	178	303	188	219	212	308	212	212	212	243	243	219	212	308	212	220	178	303	188	188	178	303	188	188	178	176	176	176	176	176	176	176	176	176	176	176	176	176	176	176	176	176	176	176	176	176	176	176	176	176	176	176	176	176	176	176	176	187	188	188	178	181	188	188	178	181	188	219	212	212	212	220	178	181	188	188	178	181	188	219	212	212	212	220	178	181	188	188	178	4	4	4	4	4	4	4	4	4	4	4	4	4	4	4	4	4	4	4	4	4	4	4	4	4	4	4	4	4	4	4	4	
0	0	0	0	0	0	0	0	0	0	0	0	0	0	0	0	0	0	0	0	0	0	0	0	0	0	0	0	0	0	0	0	0	0	0	0	0	0	0	0	0	0	0	0	0	0	0	0	0	0	0	0	0	0	0	0	0	0	0	0	0	0	0	0	178	179	201	202	306	202	202	202	306	202	221	212	308	212	212	212	335	335	219	212	308	212	222	202	306	202	202	202	306	202	180	181	92	92	92	92	92	92	92	92	92	92	92	92	92	92	92	92	92	92	92	92	92	92	92	92	92	92	92	92	92	92	92	92	178	179	201	202	202	202	202	202	202	202	221	228	229	212	222	202	202	202	202	202	202	202	221	228	229	212	222	202	202	202	180	181	92	92	92	92	92	92	92	92	92	92	92	92	92	92	92	92	92	92	92	92	92	92	92	92	92	92	92	92	92	92	92	92	
0	0	0	0	0	0	0	0	0	0	0	0	0	0	0	0	0	0	0	0	0	0	0	0	0	0	0	0	0	0	0	0	0	0	0	0	0	0	0	0	0	0	0	0	0	0	0	0	0	0	0	0	0	0	0	0	0	0	0	0	0	0	0	0	181	188	219	212	308	212	211	211	309	211	211	211	326	211	211	211	146	146	210	211	326	211	211	211	309	211	211	211	309	211	188	178	336	336	336	336	336	336	336	336	336	336	336	336	336	336	336	336	336	336	336	336	336	336	336	336	336	336	336	336	336	336	336	336	187	188	210	211	211	211	211	211	211	211	211	244	245	211	211	211	211	211	211	211	211	211	211	244	245	211	211	211	211	211	188	178	337	337	337	337	337	337	337	337	337	337	337	337	337	337	337	337	337	337	337	337	337	337	337	337	337	337	337	337	337	337	337	337	
0	0	0	0	0	0	0	0	0	0	0	0	0	0	0	0	0	0	0	0	0	0	0	0	0	0	0	0	0	0	0	0	0	0	0	0	0	0	0	0	0	0	0	0	0	0	0	0	0	0	0	0	0	0	0	0	0	0	0	0	0	0	0	0	178	179	219	212	308	212	180	300	301	179	180	300	301	179	180	300	301	179	180	300	301	179	180	181	178	179	180	181	178	179	180	181	338	338	338	338	338	338	338	338	338	338	338	338	338	338	338	338	338	338	338	338	338	338	338	338	338	338	338	338	338	338	338	338	178	179	180	181	178	179	180	181	178	179	180	181	178	179	180	181	178	179	180	181	178	179	180	181	178	179	180	181	178	179	180	181	339	339	339	339	339	339	339	339	339	339	339	339	339	339	339	339	339	339	339	339	339	339	339	339	339	339	339	339	339	339	339	339	
0	0	0	0	0	0	0	0	0	0	0	0	0	0	0	0	0	0	0	0	0	0	0	0	0	0	0	0	0	0	0	0	0	0	0	0	0	0	0	0	0	0	0	0	0	0	0	0	0	0	0	0	0	0	0	0	0	0	0	0	0	0	0	0	181	188	219	212	308	212	188	304	305	188	188	304	305	188	188	304	305	188	188	304	305	188	188	178	303	188	188	178	303	188	188	178	340	340	340	340	340	340	340	340	340	340	340	340	340	340	340	340	340	340	340	340	340	340	340	340	340	340	340	340	340	340	340	340	341	342	342	343	344	342	342	343	344	342	342	343	344	342	342	343	344	342	342	343	344	342	342	343	344	342	342	343	344	342	342	343	345	345	345	345	345	345	345	345	345	345	345	345	345	345	345	345	345	345	345	345	345	345	345	345	345	345	345	345	345	345	345	345	
0	0	0	0	0	0	0	0	0	0	0	0	0	0	0	0	0	0	0	0	0	0	0	0	0	0	0	0	0	0	0	0	0	0	0	0	0	0	0	0	0	0	0	0	0	0	0	0	0	0	0	0	0	0	0	0	0	0	0	0	0	0	0	0	178	179	219	212	308	212	202	202	306	202	202	202	306	202	202	202	306	202	202	202	306	202	202	202	306	202	202	202	306	202	180	181	0	0	0	0	0	0	0	0	0	0	0	0	0	0	0	0	0	0	0	0	0	0	0	0	0	0	0	0	0	0	0	0	0	0	0	0	0	0	0	0	0	0	0	0	0	0	0	0	0	0	0	0	0	0	0	0	0	0	0	0	0	0	0	0	0	0	0	0	0	0	0	0	0	0	0	0	0	0	0	0	0	0	0	0	0	0	0	0	0	0	0	0	0	0	0	0	
0	0	0	0	0	0	0	0	0	0	0	0	0	0	0	0	0	0	0	0	0	0	0	0	0	0	0	0	0	0	0	0	0	0	0	0	0	0	0	0	0	0	0	0	0	0	0	0	0	0	0	0	0	0	0	0	0	0	0	0	0	0	0	0	181	188	210	211	326	211	211	211	309	211	211	211	309	211	211	211	309	211	211	211	309	211	212	212	308	212	212	212	308	212	188	178	0	0	0	0	0	0	0	0	0	0	0	0	0	0	0	0	0	0	0	0	0	0	0	0	0	0	0	0	0	0	0	0	0	0	0	0	0	0	0	0	0	0	0	0	0	0	0	0	0	0	0	0	0	0	0	0	0	0	0	0	0	0	0	0	0	0	0	0	0	0	0	0	0	0	0	0	0	0	0	0	0	0	0	0	0	0	0	0	0	0	0	0	0	0	0	0	
0	0	0	0	0	0	0	0	0	0	0	0	0	0	0	0	0	0	0	0	0	0	0	0	0	0	0	0	0	0	0	0	0	0	0	0	0	0	0	0	0	0	0	0	0	0	0	0	0	0	0	0	0	0	0	0	0	0	0	0	0	0	0	0	178	179	180	181	178	179	180	181	178	179	180	181	178	179	180	181	178	179	180	181	178	179	216	212	308	212	212	212	308	212	180	181	0	0	0	0	0	0	0	0	0	0	0	0	0	0	0	0	0	0	0	0	0	0	0	0	0	0	0	0	0	0	0	0	0	0	0	0	0	0	0	0	0	0	0	0	0	0	0	0	0	0	0	0	0	0	0	0	0	0	0	0	0	0	0	0	0	0	0	0	0	0	0	0	0	0	0	0	0	0	0	0	0	0	0	0	0	0	0	0	0	0	0	0	0	0	0	0	
0	0	0	0	0	0	0	0	0	0	0	0	0	0	0	0	0	0	0	0	0	0	0	0	0	0	0	0	0	0	0	0	0	0	0	0	0	0	0	0	0	0	0	0	0	0	0	0	0	0	0	0	0	0	0	0	0	0	0	0	0	0	0	0	181	188	188	178	303	188	188	178	303	188	188	178	303	188	188	178	303	188	188	178	303	188	219	212	308	212	212	212	308	212	188	178	0	0	0	0	0	0	0	0	0	0	0	0	0	0	0	0	0	0	0	0	0	0	0	0	0	0	0	0	0	0	0	0	0	0	0	0	0	0	0	0	0	0	0	0	0	0	0	0	0	0	0	0	0	0	0	0	0	0	0	0	0	0	0	0	0	0	0	0	0	0	0	0	0	0	0	0	0	0	0	0	0	0	0	0	0	0	0	0	0	0	0	0	0	0	0	0	
0	0	0	0	0	0	0	0	0	0	0	0	0	0	0	0	0	0	0	0	0	0	0	0	0	0	0	0	0	0	0	0	0	0	0	0	0	0	0	0	0	0	0	0	0	0	0	0	0	0	0	0	0	0	0	0	0	0	0	0	0	0	0	0	178	179	201	202	306	202	202	202	306	202	202	202	306	202	202	202	306	202	202	202	306	202	221	212	308	212	212	212	308	212	180	181	0	0	0	0	0	0	0	0	0	0	0	0	0	0	0	0	0	0	0	0	0	0	0	0	0	0	0	0	0	0	0	0	0	0	0	0	0	0	0	0	0	0	0	0	0	0	0	0	0	0	0	0	0	0	0	0	0	0	0	0	0	0	0	0	0	0	0	0	0	0	0	0	0	0	0	0	0	0	0	0	0	0	0	0	0	0	0	0	0	0	0	0	0	0	0	0	
0	0	0	0	0	0	0	0	0	0	0	0	0	0	0	0	0	0	0	0	0	0	0	0	0	0	0	0	0	0	0	0	0	0	0	0	0	0	0	0	0	0	0	0	0	0	0	0	0	0	0	0	0	0	0	0	0	0	0	0	0	0	0	0	181	188	219	212	308	212	212	212	308	212	212	212	308	212	212	212	308	212	212	212	308	212	211	211	326	211	212	212	308	212	188	178	0	0	0	0	0	0	0	0	0	0	0	0	0	0	0	0	0	0	0	0	0	0	0	0	0	0	0	0	0	0	0	0	0	0	0	0	0	0	0	0	0	0	0	0	0	0	0	0	0	0	0	0	0	0	0	0	0	0	0	0	0	0	0	0	0	0	0	0	0	0	0	0	0	0	0	0	0	0	0	0	0	0	0	0	0	0	0	0	0	0	0	0	0	0	0	0	
0	0	0	0	0	0	0	0	0	0	0	0	0	0	0	0	0	0	0	0	0	0	0	0	0	0	0	0	0	0	0	0	0	0	0	0	0	0	0	0	0	0	0	0	0	0	0	0	0	0	0	0	0	0	0	0	0	0	0	0	0	0	0	0	178	179	219	212	308	212	212	212	308	212	212	212	308	212	212	212	308	212	212	212	308	212	180	181	178	179	216	212	308	212	180	181	0	0	0	0	0	0	0	0	0	0	0	0	0	0	0	0	0	0	0	0	0	0	0	0	0	0	0	0	0	0	0	0	0	0	0	0	0	0	0	0	0	0	0	0	0	0	0	0	0	0	0	0	0	0	0	0	0	0	0	0	0	0	0	0	0	0	0	0	0	0	0	0	0	0	0	0	0	0	0	0	0	0	0	0	0	0	0	0	0	0	0	0	0	0	0	0	
0	0	0	0	0	0	0	0	0	0	0	0	0	0	0	0	0	0	0	0	0	0	0	0	0	0	0	0	0	0	0	0	0	0	0	0	0	0	0	0	0	0	0	0	0	0	0	0	0	0	0	0	0	0	0	0	0	0	0	0	0	0	0	0	181	188	219	212	308	212	212	212	308	212	212	212	308	212	212	212	308	212	212	212	308	212	220	178	303	188	219	212	308	212	188	178	0	0	0	0	0	0	0	0	0	0	0	0	0	0	0	0	0	0	0	0	0	0	0	0	0	0	0	0	0	0	0	0	0	0	0	0	0	0	0	0	0	0	0	0	0	0	0	0	0	0	0	0	0	0	0	0	0	0	0	0	0	0	0	0	0	0	0	0	0	0	0	0	0	0	0	0	0	0	0	0	0	0	0	0	0	0	0	0	0	0	0	0	0	0	0	0	
0	0	0	0	0	0	0	0	0	0	0	0	0	0	0	0	0	0	0	0	0	0	0	0	0	0	0	0	0	0	0	0	0	0	0	0	0	0	0	0	0	0	0	0	0	0	0	0	0	0	0	0	0	0	0	0	0	0	0	0	0	0	0	0	178	179	219	212	308	212	212	212	308	212	212	212	308	212	212	212	308	212	212	212	308	212	222	202	306	202	221	212	308	212	180	181	0	0	0	0	0	0	0	0	0	0	0	0	0	0	0	0	0	0	0	0	0	0	0	0	0	0	0	0	0	0	0	0	0	0	0	0	0	0	0	0	0	0	0	0	0	0	0	0	0	0	0	0	0	0	0	0	0	0	0	0	0	0	0	0	0	0	0	0	0	0	0	0	0	0	0	0	0	0	0	0	0	0	0	0	0	0	0	0	0	0	0	0	0	0	0	0	
0	0	0	0	0	0	0	0	0	0	0	0	0	0	0	0	0	0	0	0	0	0	0	0	0	0	0	0	0	0	0	0	0	0	0	0	0	0	0	0	0	0	0	0	0	0	0	0	0	0	0	0	0	0	0	0	0	0	0	0	0	0	0	0	181	188	219	212	308	212	211	211	326	211	211	211	326	211	211	211	326	211	211	211	326	211	212	212	308	212	212	212	308	212	188	178	0	0	0	0	0	0	0	0	0	0	0	0	0	0	0	0	0	0	0	0	0	0	0	0	0	0	0	0	0	0	0	0	0	0	0	0	0	0	0	0	0	0	0	0	0	0	0	0	0	0	0	0	0	0	0	0	0	0	0	0	0	0	0	0	0	0	0	0	0	0	0	0	0	0	0	0	0	0	0	0	0	0	0	0	0	0	0	0	0	0	0	0	0	0	0	0	
0	0	0	0	0	0	0	0	0	0	0	0	0	0	0	0	0	0	0	0	0	0	0	0	0	0	0	0	0	0	0	0	0	0	0	0	0	0	0	0	0	0	0	0	0	0	0	0	0	0	0	0	0	0	0	0	0	0	0	0	0	0	0	0	178	179	219	212	308	212	180	181	178	179	180	181	178	179	180	181	178	179	180	181	178	179	216	212	308	212	212	212	308	212	180	181	0	0	0	0	0	0	0	0	0	0	0	0	0	0	0	0	0	0	0	0	0	0	0	0	0	0	0	0	0	0	0	0	0	0	0	0	0	0	0	0	0	0	0	0	0	0	0	0	0	0	0	0	0	0	0	0	0	0	0	0	0	0	0	0	0	0	0	0	0	0	0	0	0	0	0	0	0	0	0	0	0	0	0	0	0	0	0	0	0	0	0	0	0	0	0	0	
0	0	0	0	0	0	0	0	0	0	0	0	0	0	0	0	0	0	0	0	0	0	0	0	0	0	0	0	0	0	0	0	0	0	0	0	0	0	0	0	0	0	0	0	0	0	0	0	0	0	0	0	0	0	0	0	0	0	0	0	0	0	0	0	181	188	219	212	308	212	220	178	303	188	188	178	303	188	188	178	303	188	188	178	303	188	219	212	308	212	212	212	308	212	188	178	0	0	0	0	0	0	0	0	0	0	0	0	0	0	0	0	0	0	0	0	0	0	0	0	0	0	0	0	0	0	0	0	0	0	0	0	0	0	0	0	0	0	0	0	0	0	0	0	0	0	0	0	0	0	0	0	0	0	0	0	0	0	0	0	0	0	0	0	0	0	0	0	0	0	0	0	0	0	0	0	0	0	0	0	0	0	0	0	0	0	0	0	0	0	0	0	
0	0	0	0	0	0	0	0	0	0	0	0	0	0	0	0	0	0	0	0	0	0	0	0	0	0	0	0	0	0	0	0	0	0	0	0	0	0	0	0	0	0	0	0	0	0	0	0	0	0	0	0	0	0	0	0	0	0	0	0	0	0	0	0	178	179	219	212	308	212	222	202	306	202	202	202	306	202	202	202	306	202	202	202	306	202	221	212	308	212	212	212	308	212	180	181	0	0	0	0	0	0	0	0	0	0	0	0	0	0	0	0	0	0	0	0	0	0	0	0	0	0	0	0	0	0	0	0	0	0	0	0	0	0	0	0	0	0	0	0	0	0	0	0	0	0	0	0	0	0	0	0	0	0	0	0	0	0	0	0	0	0	0	0	0	0	0	0	0	0	0	0	0	0	0	0	0	0	0	0	0	0	0	0	0	0	0	0	0	0	0	0	
0	0	0	0	0	0	0	0	0	0	0	0	0	0	0	0	0	0	0	0	0	0	0	0	0	0	0	0	0	0	0	0	0	0	0	0	0	0	0	0	0	0	0	0	0	0	0	0	0	0	0	0	0	0	0	0	0	0	0	0	0	0	0	0	181	188	210	211	326	211	212	212	308	212	212	212	308	212	212	212	308	212	212	212	308	212	212	212	308	212	212	212	308	212	188	178	0	0	0	0	0	0	0	0	0	0	0	0	0	0	0	0	0	0	0	0	0	0	0	0	0	0	0	0	0	0	0	0	0	0	0	0	0	0	0	0	0	0	0	0	0	0	0	0	0	0	0	0	0	0	0	0	0	0	0	0	0	0	0	0	0	0	0	0	0	0	0	0	0	0	0	0	0	0	0	0	0	0	0	0	0	0	0	0	0	0	0	0	0	0	0	0	
0	0	0	0	0	0	0	0	0	0	0	0	0	0	0	0	0	0	0	0	0	0	0	0	0	0	0	0	0	0	0	0	0	0	0	0	0	0	0	0	0	0	0	0	0	0	0	0	0	0	0	0	0	0	0	0	0	0	0	0	0	0	0	0	178	179	180	181	178	179	216	212	308	212	212	212	308	212	212	212	308	212	212	212	308	212	212	212	308	212	212	212	308	212	180	181	0	0	0	0	0	0	0	0	0	0	0	0	0	0	0	0	0	0	0	0	0	0	0	0	0	0	0	0	0	0	0	0	0	0	0	0	0	0	0	0	0	0	0	0	0	0	0	0	0	0	0	0	0	0	0	0	0	0	0	0	0	0	0	0	0	0	0	0	0	0	0	0	0	0	0	0	0	0	0	0	0	0	0	0	0	0	0	0	0	0	0	0	0	0	0	0	
0	0	0	0	0	0	0	0	0	0	0	0	0	0	0	0	0	0	0	0	0	0	0	0	0	0	0	0	0	0	0	0	0	0	0	0	0	0	0	0	0	0	0	0	0	0	0	0	0	0	0	0	0	0	0	0	0	0	0	0	0	0	0	0	181	188	188	178	303	188	219	212	308	212	212	212	308	212	212	212	308	212	212	212	308	212	212	212	308	212	212	212	308	212	188	178	0	0	0	0	0	0	0	0	0	0	0	0	0	0	0	0	0	0	0	0	0	0	0	0	0	0	0	0	0	0	0	0	0	0	0	0	0	0	0	0	0	0	0	0	0	0	0	0	0	0	0	0	0	0	0	0	0	0	0	0	0	0	0	0	0	0	0	0	0	0	0	0	0	0	0	0	0	0	0	0	0	0	0	0	0	0	0	0	0	0	0	0	0	0	0	0	
0	0	0	0	0	0	0	0	0	0	0	0	0	0	0	0	0	0	0	0	0	0	0	0	0	0	0	0	0	0	0	0	0	0	0	0	0	0	0	0	0	0	0	0	0	0	0	0	0	0	0	0	0	0	0	0	0	0	0	0	0	0	0	0	178	179	201	202	306	202	221	212	308	212	212	212	308	212	212	212	308	212	212	212	308	212	212	212	308	212	212	212	308	212	180	181	0	0	0	0	0	0	0	0	0	0	0	0	0	0	0	0	0	0	0	0	0	0	0	0	0	0	0	0	0	0	0	0	0	0	0	0	0	0	0	0	0	0	0	0	0	0	0	0	0	0	0	0	0	0	0	0	0	0	0	0	0	0	0	0	0	0	0	0	0	0	0	0	0	0	0	0	0	0	0	0	0	0	0	0	0	0	0	0	0	0	0	0	0	0	0	0	
0	0	0	0	0	0	0	0	0	0	0	0	0	0	0	0	0	0	0	0	0	0	0	0	0	0	0	0	0	0	0	0	0	0	0	0	0	0	0	0	0	0	0	0	0	0	0	0	0	0	0	0	0	0	0	0	0	0	0	0	0	0	0	0	181	188	210	211	309	211	211	211	326	211	211	211	326	211	212	212	308	212	211	211	326	211	211	211	326	211	212	212	308	212	188	178	0	0	0	0	0	0	0	0	0	0	0	0	0	0	0	0	0	0	0	0	0	0	0	0	0	0	0	0	0	0	0	0	0	0	0	0	0	0	0	0	0	0	0	0	0	0	0	0	0	0	0	0	0	0	0	0	0	0	0	0	0	0	0	0	0	0	0	0	0	0	0	0	0	0	0	0	0	0	0	0	0	0	0	0	0	0	0	0	0	0	0	0	0	0	0	0	
0	0	0	0	0	0	0	0	0	0	0	0	0	0	0	0	0	0	0	0	0	0	0	0	0	0	0	0	0	0	0	0	0	0	0	0	0	0	0	0	0	0	0	0	0	0	0	0	0	0	0	0	0	0	0	0	0	0	0	0	0	0	0	0	178	179	180	181	178	179	180	181	178	179	180	181	178	179	216	212	308	212	180	181	178	179	180	181	178	179	216	212	308	212	180	181	0	0	0	0	0	0	0	0	0	0	0	0	0	0	0	0	0	0	0	0	0	0	0	0	0	0	0	0	0	0	0	0	0	0	0	0	0	0	0	0	0	0	0	0	0	0	0	0	0	0	0	0	0	0	0	0	0	0	0	0	0	0	0	0	0	0	0	0	0	0	0	0	0	0	0	0	0	0	0	0	0	0	0	0	0	0	0	0	0	0	0	0	0	0	0	0	
0	0	0	0	0	0	0	0	0	0	0	0	0	0	0	0	0	0	0	0	0	0	0	0	0	0	0	0	0	0	0	0	0	0	0	0	0	0	0	0	0	0	0	0	0	0	0	0	0	0	0	0	0	0	0	0	0	0	0	0	0	0	0	0	181	188	188	178	303	188	188	178	303	188	188	178	303	188	219	212	308	212	220	178	303	188	188	178	303	188	219	212	308	212	188	178	0	0	0	0	0	0	0	0	0	0	0	0	0	0	0	0	0	0	0	0	0	0	0	0	0	0	0	0	0	0	0	0	0	0	0	0	0	0	0	0	0	0	0	0	0	0	0	0	0	0	0	0	0	0	0	0	0	0	0	0	0	0	0	0	0	0	0	0	0	0	0	0	0	0	0	0	0	0	0	0	0	0	0	0	0	0	0	0	0	0	0	0	0	0	0	0	
0	0	0	0	0	0	0	0	0	0	0	0	0	0	0	0	0	0	0	0	0	0	0	0	0	0	0	0	0	0	0	0	0	0	0	0	0	0	0	0	0	0	0	0	0	0	0	0	0	0	0	0	0	0	0	0	0	0	0	0	0	0	0	0	178	179	201	202	306	202	202	202	306	202	202	202	306	202	221	212	308	212	222	202	306	202	202	202	306	202	221	212	308	212	180	181	0	0	0	0	0	0	0	0	0	0	0	0	0	0	0	0	0	0	0	0	0	0	0	0	0	0	0	0	0	0	0	0	0	0	0	0	0	0	0	0	0	0	0	0	0	0	0	0	0	0	0	0	0	0	0	0	0	0	0	0	0	0	0	0	0	0	0	0	0	0	0	0	0	0	0	0	0	0	0	0	0	0	0	0	0	0	0	0	0	0	0	0	0	0	0	0	
0	0	0	0	0	0	0	0	0	0	0	0	0	0	0	0	0	0	0	0	0	0	0	0	0	0	0	0	0	0	0	0	0	0	0	0	0	0	0	0	0	0	0	0	0	0	0	0	0	0	0	0	0	0	0	0	0	0	0	0	0	0	0	0	181	188	219	212	308	212	212	212	308	212	212	212	308	212	212	212	308	212	212	212	308	212	212	212	308	212	211	211	326	211	188	178	0	0	0	0	0	0	0	0	0	0	0	0	0	0	0	0	0	0	0	0	0	0	0	0	0	0	0	0	0	0	0	0	0	0	0	0	0	0	0	0	0	0	0	0	0	0	0	0	0	0	0	0	0	0	0	0	0	0	0	0	0	0	0	0	0	0	0	0	0	0	0	0	0	0	0	0	0	0	0	0	0	0	0	0	0	0	0	0	0	0	0	0	0	0	0	0	
0	0	0	0	0	0	0	0	0	0	0	0	0	0	0	0	0	0	0	0	0	0	0	0	0	0	0	0	0	0	0	0	0	0	0	0	0	0	0	0	0	0	0	0	0	0	0	0	0	0	0	0	0	0	0	0	0	0	0	0	0	0	0	0	178	179	219	212	308	212	212	212	308	212	212	212	308	212	212	212	308	212	212	212	308	212	212	212	308	212	180	181	178	179	180	181	0	0	0	0	0	0	0	0	0	0	0	0	0	0	0	0	0	0	0	0	0	0	0	0	0	0	0	0	0	0	0	0	0	0	0	0	0	0	0	0	0	0	0	0	0	0	0	0	0	0	0	0	0	0	0	0	0	0	0	0	0	0	0	0	0	0	0	0	0	0	0	0	0	0	0	0	0	0	0	0	0	0	0	0	0	0	0	0	0	0	0	0	0	0	0	0	
0	0	0	0	0	0	0	0	0	0	0	0	0	0	0	0	0	0	0	0	0	0	0	0	0	0	0	0	0	0	0	0	0	0	0	0	0	0	0	0	0	0	0	0	0	0	0	0	0	0	0	0	0	0	0	0	0	0	0	0	0	0	0	0	181	243	219	212	308	212	212	212	308	212	212	212	308	212	212	212	308	212	212	212	308	212	212	212	308	212	220	178	303	188	188	178	0	0	0	0	0	0	0	0	0	0	0	0	0	0	0	0	0	0	0	0	0	0	0	0	0	0	0	0	0	0	0	0	0	0	0	0	0	0	0	0	0	0	0	0	0	0	0	0	0	0	0	0	0	0	0	0	0	0	0	0	0	0	0	0	0	0	0	0	0	0	0	0	0	0	0	0	0	0	0	0	0	0	0	0	0	0	0	0	0	0	0	0	0	0	0	0	
0	0	0	0	0	0	0	0	0	0	0	0	0	0	0	0	0	0	0	0	0	0	0	0	0	0	0	0	0	0	0	0	0	0	0	0	0	0	0	0	0	0	0	0	0	0	0	0	0	0	0	0	0	0	0	0	0	0	0	0	0	0	0	0	178	179	219	212	308	212	212	212	308	212	212	212	308	212	212	212	308	212	212	212	308	212	212	212	308	212	222	202	306	202	180	181	0	0	0	0	0	0	0	0	0	0	0	0	0	0	0	0	0	0	0	0	0	0	0	0	0	0	0	0	0	0	0	0	0	0	0	0	0	0	0	0	0	0	0	0	0	0	0	0	0	0	0	0	0	0	0	0	0	0	0	0	0	0	0	0	0	0	0	0	0	0	0	0	0	0	0	0	0	0	0	0	0	0	0	0	0	0	0	0	0	0	0	0	0	0	0	0	
0	0	0	0	0	0	0	0	0	0	0	0	0	0	0	0	0	0	0	0	0	0	0	0	0	0	0	0	0	0	0	0	0	0	0	0	0	0	0	0	0	0	0	0	0	0	0	0	0	0	0	0	0	0	0	0	0	0	0	0	0	0	0	0	181	188	219	212	308	212	211	211	326	211	211	211	326	211	211	211	326	211	211	211	326	211	211	211	326	211	212	212	308	212	188	178	0	0	0	0	0	0	0	0	0	0	0	0	0	0	0	0	0	0	0	0	0	0	0	0	0	0	0	0	0	0	0	0	0	0	0	0	0	0	0	0	0	0	0	0	0	0	0	0	0	0	0	0	0	0	0	0	0	0	0	0	0	0	0	0	0	0	0	0	0	0	0	0	0	0	0	0	0	0	0	0	0	0	0	0	0	0	0	0	0	0	0	0	0	0	0	0	
0	0	0	0	0	0	0	0	0	0	0	0	0	0	0	0	0	0	0	0	0	0	0	0	0	0	0	0	0	0	0	0	0	0	0	0	0	0	0	0	0	0	0	0	0	0	0	0	0	0	0	0	0	0	0	0	0	0	0	0	0	0	0	0	178	179	219	212	308	212	180	181	178	179	180	181	178	179	180	181	178	179	180	181	178	179	180	181	178	179	216	212	308	212	180	181	0	0	0	0	0	0	0	0	0	0	0	0	0	0	0	0	0	0	0	0	0	0	0	0	0	0	0	0	0	0	0	0	0	0	0	0	0	0	0	0	0	0	0	0	0	0	0	0	0	0	0	0	0	0	0	0	0	0	0	0	0	0	0	0	0	0	0	0	0	0	0	0	0	0	0	0	0	0	0	0	0	0	0	0	0	0	0	0	0	0	0	0	0	0	0	0	
0	0	0	0	0	0	0	0	0	0	0	0	0	0	0	0	0	0	0	0	0	0	0	0	0	0	0	0	0	0	0	0	0	0	0	0	0	0	0	0	0	0	0	0	0	0	0	0	0	0	0	0	0	0	0	0	0	0	0	0	0	0	0	0	181	188	219	212	308	212	220	178	303	188	188	178	303	188	188	178	179	243	188	178	303	188	188	178	303	188	219	212	308	212	188	178	0	0	0	0	0	0	0	0	0	0	0	0	0	0	0	0	0	0	0	0	0	0	0	0	0	0	0	0	0	0	0	0	0	0	0	0	0	0	0	0	0	0	0	0	0	0	0	0	0	0	0	0	0	0	0	0	0	0	0	0	0	0	0	0	0	0	0	0	0	0	0	0	0	0	0	0	0	0	0	0	0	0	0	0	0	0	0	0	0	0	0	0	0	0	0	0	
0	0	0	0	0	0	0	0	0	0	0	0	0	0	0	0	0	0	0	0	0	0	0	0	0	0	0	0	0	0	0	0	0	0	0	0	0	0	0	0	0	0	0	0	0	0	0	0	0	0	0	0	0	0	0	0	0	0	0	0	0	0	0	0	178	179	219	212	308	212	222	202	306	202	202	202	306	202	202	202	243	243	201	202	306	202	202	202	306	202	221	212	308	212	180	181	0	0	0	0	0	0	0	0	0	0	0	0	0	0	0	0	0	0	0	0	0	0	0	0	0	0	0	0	0	0	0	0	0	0	0	0	0	0	0	0	0	0	0	0	0	0	0	0	0	0	0	0	0	0	0	0	0	0	0	0	0	0	0	0	0	0	0	0	0	0	0	0	0	0	0	0	0	0	0	0	0	0	0	0	0	0	0	0	0	0	0	0	0	0	0	0	
0	0	0	0	0	0	0	0	0	0	0	0	0	0	0	0	0	0	0	0	0	0	0	0	0	0	0	0	0	0	0	0	0	0	0	0	0	0	0	0	0	0	0	0	0	0	0	0	0	0	0	0	0	0	0	0	0	0	0	0	0	0	0	0	181	188	210	211	326	211	212	212	308	212	212	212	308	212	212	212	243	243	219	212	308	212	212	212	308	212	211	211	326	211	188	178	0	0	0	0	0	0	0	0	0	0	0	0	0	0	0	0	0	0	0	0	0	0	0	0	0	0	0	0	0	0	0	0	0	0	0	0	0	0	0	0	0	0	0	0	0	0	0	0	0	0	0	0	0	0	0	0	0	0	0	0	0	0	0	0	0	0	0	0	0	0	0	0	0	0	0	0	0	0	0	0	0	0	0	0	0	0	0	0	0	0	0	0	0	0	0	0	
0	0	0	0	0	0	0	0	0	0	0	0	0	0	0	0	0	0	0	0	0	0	0	0	0	0	0	0	0	0	0	0	0	0	0	0	0	0	0	0	0	0	0	0	0	0	0	0	0	0	0	0	0	0	0	0	0	0	0	0	0	0	0	0	178	179	180	181	178	179	216	212	308	212	212	212	308	212	212	212	243	243	219	212	308	212	212	212	308	212	180	181	178	179	180	181	0	0	0	0	0	0	0	0	0	0	0	0	0	0	0	0	0	0	0	0	0	0	0	0	0	0	0	0	0	0	0	0	0	0	0	0	0	0	0	0	0	0	0	0	0	0	0	0	0	0	0	0	0	0	0	0	0	0	0	0	0	0	0	0	0	0	0	0	0	0	0	0	0	0	0	0	0	0	0	0	0	0	0	0	0	0	0	0	0	0	0	0	0	0	0	0	
0	0	0	0	0	0	0	0	0	0	0	0	0	0	0	0	0	0	0	0	0	0	0	0	0	0	0	0	0	0	0	0	0	0	0	0	0	0	0	0	0	0	0	0	0	0	0	0	0	0	0	0	0	0	0	0	0	0	0	0	0	0	0	0	181	188	188	178	303	188	219	212	308	212	212	212	308	212	212	212	243	243	219	212	308	212	212	212	308	212	220	178	303	188	188	178	0	0	0	0	0	0	0	0	0	0	0	0	0	0	0	0	0	0	0	0	0	0	0	0	0	0	0	0	0	0	0	0	0	0	0	0	0	0	0	0	0	0	0	0	0	0	0	0	0	0	0	0	0	0	0	0	0	0	0	0	0	0	0	0	0	0	0	0	0	0	0	0	0	0	0	0	0	0	0	0	0	0	0	0	0	0	0	0	0	0	0	0	0	0	0	0	
0	0	0	0	0	0	0	0	0	0	0	0	0	0	0	0	0	0	0	0	0	0	0	0	0	0	0	0	0	0	0	0	0	0	0	0	0	0	0	0	0	0	0	0	0	0	0	0	0	0	0	0	0	0	0	0	0	0	0	0	0	0	0	0	178	179	201	202	306	202	221	212	308	212	212	212	308	212	212	212	335	335	219	212	308	212	212	212	308	212	222	202	306	202	180	181	0	0	0	0	0	0	0	0	0	0	0	0	0	0	0	0	0	0	0	0	0	0	0	0	0	0	0	0	0	0	0	0	0	0	0	0	0	0	0	0	0	0	0	0	0	0	0	0	0	0	0	0	0	0	0	0	0	0	0	0	0	0	0	0	0	0	0	0	0	0	0	0	0	0	0	0	0	0	0	0	0	0	0	0	0	0	0	0	0	0	0	0	0	0	0	0	
0	0	0	0	0	0	0	0	0	0	0	0	0	0	0	0	0	0	0	0	0	0	0	0	0	0	0	0	0	0	0	0	0	0	0	0	0	0	0	0	0	0	0	0	0	0	0	0	0	0	0	0	0	0	0	0	0	0	0	0	0	0	0	0	181	188	219	212	308	212	211	211	326	211	212	212	308	212	211	211	146	146	210	211	326	211	211	211	326	211	212	212	308	212	188	178	0	0	0	0	0	0	0	0	0	0	0	0	0	0	0	0	0	0	0	0	0	0	0	0	0	0	0	0	0	0	0	0	0	0	0	0	0	0	0	0	0	0	0	0	0	0	0	0	0	0	0	0	0	0	0	0	0	0	0	0	0	0	0	0	0	0	0	0	0	0	0	0	0	0	0	0	0	0	0	0	0	0	0	0	0	0	0	0	0	0	0	0	0	0	0	0	
0	0	0	0	0	0	0	0	0	0	0	0	0	0	0	0	0	0	0	0	0	0	0	0	0	0	0	0	0	0	0	0	0	0	0	0	0	0	0	0	0	0	0	0	0	0	0	0	0	0	0	0	0	0	0	0	0	0	0	0	0	0	0	0	178	179	219	212	308	212	180	181	178	179	216	212	308	212	180	181	178	179	180	181	178	179	180	181	178	179	216	212	308	212	180	181	0	0	0	0	0	0	0	0	0	0	0	0	0	0	0	0	0	0	0	0	0	0	0	0	0	0	0	0	0	0	0	0	0	0	0	0	0	0	0	0	0	0	0	0	0	0	0	0	0	0	0	0	0	0	0	0	0	0	0	0	0	0	0	0	0	0	0	0	0	0	0	0	0	0	0	0	0	0	0	0	0	0	0	0	0	0	0	0	0	0	0	0	0	0	0	0	
0	0	0	0	0	0	0	0	0	0	0	0	0	0	0	0	0	0	0	0	0	0	0	0	0	0	0	0	0	0	0	0	0	0	0	0	0	0	0	0	0	0	0	0	0	0	0	0	0	0	0	0	0	0	0	0	0	0	0	0	0	0	0	0	181	188	219	212	308	212	220	178	303	188	219	212	308	212	220	178	303	188	188	178	179	243	188	178	303	188	219	212	308	212	188	178	0	0	0	0	0	0	0	0	0	0	0	0	0	0	0	0	0	0	0	0	0	0	0	0	0	0	0	0	0	0	0	0	0	0	0	0	0	0	0	0	0	0	0	0	0	0	0	0	0	0	0	0	0	0	0	0	0	0	0	0	0	0	0	0	0	0	0	0	0	0	0	0	0	0	0	0	0	0	0	0	0	0	0	0	0	0	0	0	0	0	0	0	0	0	0	0	
0	0	0	0	0	0	0	0	0	0	0	0	0	0	0	0	0	0	0	0	0	0	0	0	0	0	0	0	0	0	0	0	0	0	0	0	0	0	0	0	0	0	0	0	0	0	0	0	0	0	0	0	0	0	0	0	0	0	0	0	0	0	0	0	178	179	219	212	308	212	222	202	306	202	221	212	308	212	222	202	306	202	202	202	243	243	201	202	306	202	221	212	308	212	180	181	0	0	0	0	0	0	0	0	0	0	0	0	0	0	0	0	0	0	0	0	0	0	0	0	0	0	0	0	0	0	0	0	0	0	0	0	0	0	0	0	0	0	0	0	0	0	0	0	0	0	0	0	0	0	0	0	0	0	0	0	0	0	0	0	0	0	0	0	0	0	0	0	0	0	0	0	0	0	0	0	0	0	0	0	0	0	0	0	0	0	0	0	0	0	0	0	
0	0	0	0	0	0	0	0	0	0	0	0	0	0	0	0	0	0	0	0	0	0	0	0	0	0	0	0	0	0	0	0	0	0	0	0	0	0	0	0	0	0	0	0	0	0	0	0	0	0	0	0	0	0	0	0	0	0	0	0	0	0	0	0	181	188	210	211	326	211	211	211	309	211	211	211	326	211	212	212	308	212	212	212	243	243	219	212	308	212	211	211	326	211	188	178	0	0	0	0	0	0	0	0	0	0	0	0	0	0	0	0	0	0	0	0	0	0	0	0	0	0	0	0	0	0	0	0	0	0	0	0	0	0	0	0	0	0	0	0	0	0	0	0	0	0	0	0	0	0	0	0	0	0	0	0	0	0	0	0	0	0	0	0	0	0	0	0	0	0	0	0	0	0	0	0	0	0	0	0	0	0	0	0	0	0	0	0	0	0	0	0	
0	0	0	0	0	0	0	0	0	0	0	0	0	0	0	0	0	0	0	0	0	0	0	0	0	0	0	0	0	0	0	0	0	0	0	0	0	0	0	0	0	0	0	0	0	0	0	0	0	0	0	0	0	0	0	0	0	0	0	0	0	0	0	0	178	179	180	181	178	179	180	181	178	179	180	181	178	179	216	212	308	212	212	212	243	243	219	212	308	212	180	181	178	179	180	181	0	0	0	0	0	0	0	0	0	0	0	0	0	0	0	0	0	0	0	0	0	0	0	0	0	0	0	0	0	0	0	0	0	0	0	0	0	0	0	0	0	0	0	0	0	0	0	0	0	0	0	0	0	0	0	0	0	0	0	0	0	0	0	0	0	0	0	0	0	0	0	0	0	0	0	0	0	0	0	0	0	0	0	0	0	0	0	0	0	0	0	0	0	0	0	0	
0	0	0	0	0	0	0	0	0	0	0	0	0	0	0	0	0	0	0	0	0	0	0	0	0	0	0	0	0	0	0	0	0	0	0	0	0	0	0	0	0	0	0	0	0	0	0	0	0	0	0	0	0	0	0	0	0	0	0	0	0	0	0	0	181	188	188	178	303	188	188	178	303	188	188	178	303	188	219	212	308	212	212	212	243	243	219	212	308	212	220	178	303	188	188	178	0	0	0	0	0	0	0	0	0	0	0	0	0	0	0	0	0	0	0	0	0	0	0	0	0	0	0	0	0	0	0	0	0	0	0	0	0	0	0	0	0	0	0	0	0	0	0	0	0	0	0	0	0	0	0	0	0	0	0	0	0	0	0	0	0	0	0	0	0	0	0	0	0	0	0	0	0	0	0	0	0	0	0	0	0	0	0	0	0	0	0	0	0	0	0	0	
0	0	0	0	0	0	0	0	0	0	0	0	0	0	0	0	0	0	0	0	0	0	0	0	0	0	0	0	0	0	0	0	0	0	0	0	0	0	0	0	0	0	0	0	0	0	0	0	0	0	0	0	0	0	0	0	0	0	0	0	0	0	0	0	178	179	201	202	306	202	202	202	306	202	202	202	306	202	221	212	308	212	212	212	335	335	219	212	308	212	222	202	306	202	180	181	0	0	0	0	0	0	0	0	0	0	0	0	0	0	0	0	0	0	0	0	0	0	0	0	0	0	0	0	0	0	0	0	0	0	0	0	0	0	0	0	0	0	0	0	0	0	0	0	0	0	0	0	0	0	0	0	0	0	0	0	0	0	0	0	0	0	0	0	0	0	0	0	0	0	0	0	0	0	0	0	0	0	0	0	0	0	0	0	0	0	0	0	0	0	0	0	
0	0	0	0	0	0	0	0	0	0	0	0	0	0	0	0	0	0	0	0	0	0	0	0	0	0	0	0	0	0	0	0	0	0	0	0	0	0	0	0	0	0	0	0	0	0	0	0	0	0	0	0	0	0	0	0	0	0	0	0	0	0	0	0	181	188	219	212	308	212	212	212	308	212	211	211	309	211	211	211	326	211	211	211	146	146	210	211	326	211	212	212	308	212	188	178	0	0	0	0	0	0	0	0	0	0	0	0	0	0	0	0	0	0	0	0	0	0	0	0	0	0	0	0	0	0	0	0	0	0	0	0	0	0	0	0	0	0	0	0	0	0	0	0	0	0	0	0	0	0	0	0	0	0	0	0	0	0	0	0	0	0	0	0	0	0	0	0	0	0	0	0	0	0	0	0	0	0	0	0	0	0	0	0	0	0	0	0	0	0	0	0	
0	0	0	0	0	0	0	0	0	0	0	0	0	0	0	0	0	0	0	0	0	0	0	0	0	0	0	0	0	0	0	0	0	0	0	0	0	0	0	0	0	0	0	0	0	0	0	0	0	0	0	0	0	0	0	0	0	0	0	0	0	0	0	0	178	179	219	212	308	212	212	212	308	212	180	181	178	179	180	181	178	179	180	181	178	179	180	181	178	179	216	212	308	212	180	181	0	0	0	0	0	0	0	0	0	0	0	0	0	0	0	0	0	0	0	0	0	0	0	0	0	0	0	0	0	0	0	0	0	0	0	0	0	0	0	0	0	0	0	0	0	0	0	0	0	0	0	0	0	0	0	0	0	0	0	0	0	0	0	0	0	0	0	0	0	0	0	0	0	0	0	0	0	0	0	0	0	0	0	0	0	0	0	0	0	0	0	0	0	0	0	0	
0	0	0	0	0	0	0	0	0	0	0	0	0	0	0	0	0	0	0	0	0	0	0	0	0	0	0	0	0	0	0	0	0	0	0	0	0	0	0	0	0	0	0	0	0	0	0	0	0	0	0	0	0	0	0	0	0	0	0	0	0	0	0	0	181	188	219	212	308	212	212	212	308	212	220	178	303	188	188	178	179	243	188	178	303	188	188	178	303	188	219	212	308	212	188	178	0	0	0	0	0	0	0	0	0	0	0	0	0	0	0	0	0	0	0	0	0	0	0	0	0	0	0	0	0	0	0	0	0	0	0	0	0	0	0	0	0	0	0	0	0	0	0	0	0	0	0	0	0	0	0	0	0	0	0	0	0	0	0	0	0	0	0	0	0	0	0	0	0	0	0	0	0	0	0	0	0	0	0	0	0	0	0	0	0	0	0	0	0	0	0	0	
0	0	0	0	0	0	0	0	0	0	0	0	0	0	0	0	0	0	0	0	0	0	0	0	0	0	0	0	0	0	0	0	0	0	0	0	0	0	0	0	0	0	0	0	0	0	0	0	0	0	0	0	0	0	0	0	0	0	0	0	0	0	0	0	178	179	219	212	308	212	212	212	308	212	222	202	306	202	202	202	243	243	201	202	306	202	202	202	306	202	221	212	308	212	180	181	0	0	0	0	0	0	0	0	0	0	0	0	0	0	0	0	0	0	0	0	0	0	0	0	0	0	0	0	0	0	0	0	0	0	0	0	0	0	0	0	0	0	0	0	0	0	0	0	0	0	0	0	0	0	0	0	0	0	0	0	0	0	0	0	0	0	0	0	0	0	0	0	0	0	0	0	0	0	0	0	0	0	0	0	0	0	0	0	0	0	0	0	0	0	0	0	
0	0	0	0	0	0	0	0	0	0	0	0	0	0	0	0	0	0	0	0	0	0	0	0	0	0	0	0	0	0	0	0	0	0	0	0	0	0	0	0	0	0	0	0	0	0	0	0	0	0	0	0	0	0	0	0	0	0	0	0	0	0	0	0	181	188	210	211	326	211	211	211	326	211	212	212	308	212	212	212	243	243	219	212	308	212	212	212	308	212	211	211	326	211	188	178	0	0	0	0	0	0	0	0	0	0	0	0	0	0	0	0	0	0	0	0	0	0	0	0	0	0	0	0	0	0	0	0	0	0	0	0	0	0	0	0	0	0	0	0	0	0	0	0	0	0	0	0	0	0	0	0	0	0	0	0	0	0	0	0	0	0	0	0	0	0	0	0	0	0	0	0	0	0	0	0	0	0	0	0	0	0	0	0	0	0	0	0	0	0	0	0	
0	0	0	0	0	0	0	0	0	0	0	0	0	0	0	0	0	0	0	0	0	0	0	0	0	0	0	0	0	0	0	0	0	0	0	0	0	0	0	0	0	0	0	0	0	0	0	0	0	0	0	0	0	0	0	0	0	0	0	0	0	0	0	0	178	179	180	181	178	179	180	300	301	179	216	212	308	212	212	212	243	243	219	212	308	212	212	212	308	212	180	181	178	179	180	181	0	0	0	0	0	0	0	0	0	0	0	0	0	0	0	0	0	0	0	0	0	0	0	0	0	0	0	0	0	0	0	0	0	0	0	0	0	0	0	0	0	0	0	0	0	0	0	0	0	0	0	0	0	0	0	0	0	0	0	0	0	0	0	0	0	0	0	0	0	0	0	0	0	0	0	0	0	0	0	0	0	0	0	0	0	0	0	0	0	0	0	0	0	0	0	0	
165	165	165	165	165	165	165	165	165	165	165	165	165	165	165	165	165	165	165	165	165	165	165	165	165	165	165	165	165	165	165	165	165	165	165	165	165	165	165	165	165	165	165	165	165	165	165	165	165	165	165	165	165	165	165	165	165	165	165	165	165	165	165	165	181	188	188	178	303	188	188	304	305	188	219	212	308	212	212	212	243	243	219	212	308	212	212	212	308	212	220	178	303	188	188	178	0	0	0	0	0	0	0	0	0	0	0	0	0	0	0	0	0	0	0	0	0	0	0	0	0	0	0	0	0	0	0	0	0	0	0	0	0	0	0	0	0	0	0	0	0	0	0	0	0	0	0	0	0	0	0	0	0	0	0	0	0	0	0	0	0	0	0	0	0	0	0	0	0	0	0	0	0	0	0	0	0	0	0	0	0	0	0	0	0	0	0	0	0	0	0	0	
295	420	295	295	295	295	295	295	295	295	295	295	295	295	295	295	295	295	295	295	295	295	295	295	295	295	295	295	295	295	295	295	295	295	295	295	295	295	295	295	295	295	295	295	295	295	295	295	295	295	295	295	295	295	295	295	295	295	295	295	295	295	295	295	178	179	201	202	306	202	202	202	306	202	221	212	308	212	212	212	335	335	219	212	308	212	212	212	308	212	222	202	306	202	180	181	0	0	0	0	0	0	0	0	0	0	0	0	0	0	0	0	0	0	0	0	0	0	0	0	0	0	0	0	0	0	0	0	0	0	0	0	0	0	0	0	0	0	0	0	0	0	0	0	0	0	0	0	0	0	0	0	0	0	0	0	0	0	0	0	0	0	0	0	0	0	0	0	0	0	0	0	0	0	0	0	0	0	0	0	0	0	0	0	0	0	0	0	0	0	0	0	
346	347	348	349	350	348	348	349	350	348	348	349	350	348	348	349	350	348	348	349	350	348	348	349	350	348	348	349	350	348	348	349	350	348	348	349	350	348	348	349	350	348	348	349	350	348	348	349	350	348	348	349	350	348	348	349	350	348	348	346	351	352	353	353	181	188	219	212	308	212	211	211	309	211	211	211	326	211	211	211	146	146	210	211	326	211	211	211	326	211	212	212	308	212	188	178	0	0	0	0	0	0	0	0	0	0	0	0	0	0	0	0	0	0	0	0	0	0	0	0	0	0	0	0	0	0	0	0	0	0	0	0	0	0	0	0	0	0	0	0	0	0	0	0	0	0	0	0	0	0	0	0	0	0	0	0	0	0	0	0	0	0	0	0	0	0	0	0	0	0	0	0	0	0	0	0	0	0	0	0	0	0	0	0	0	0	0	0	0	0	0	0	
354	355	356	357	358	359	356	360	361	359	356	357	358	359	356	360	361	359	356	360	361	359	356	357	358	359	356	357	358	359	356	360	361	359	356	357	358	359	356	360	361	359	356	357	358	359	356	357	358	359	356	360	361	359	356	360	361	359	356	354	362	363	364	364	178	179	219	212	308	212	180	181	178	179	180	181	178	179	180	181	178	179	180	181	178	179	180	181	178	179	216	212	308	212	180	181	0	0	0	0	0	0	0	0	0	0	0	0	0	0	0	0	0	0	0	0	0	0	0	0	0	0	0	0	0	0	0	0	0	0	0	0	0	0	0	0	0	0	0	0	0	0	0	0	0	0	0	0	0	0	0	0	0	0	0	0	0	0	0	0	0	0	0	0	0	0	0	0	0	0	0	0	0	0	0	0	0	0	0	0	0	0	0	0	0	0	0	0	0	0	0	0	
365	366	367	368	369	370	367	371	372	370	367	368	369	370	367	373	374	370	367	371	372	370	367	368	369	370	367	368	369	370	367	371	372	370	367	368	369	370	367	373	374	370	367	368	369	370	367	368	369	370	367	371	372	370	367	373	374	370	367	365	375	376	377	377	181	188	219	212	308	212	220	178	303	188	188	178	303	188	188	178	303	188	188	178	179	243	188	178	303	188	219	212	308	212	188	178	0	0	0	0	0	0	0	0	0	0	0	0	0	0	0	0	0	0	0	0	0	0	0	0	0	0	0	0	0	0	0	0	0	0	0	0	0	0	0	0	0	0	0	0	0	0	0	0	0	0	0	0	0	0	0	0	0	0	0	0	0	0	0	0	0	0	0	0	0	0	0	0	0	0	0	0	0	0	0	0	0	0	0	0	0	0	0	0	0	0	0	0	0	0	0	0	
365	366	367	378	356	379	367	368	369	370	367	378	356	379	367	373	374	370	367	368	369	370	367	378	356	379	367	378	356	379	367	368	369	370	367	378	356	379	367	373	374	370	367	378	356	379	367	378	356	379	367	368	369	370	367	373	374	370	367	365	380	376	377	377	178	179	219	212	308	212	222	202	306	202	202	202	306	202	202	202	306	202	202	202	243	243	201	202	306	202	221	212	308	212	180	181	0	0	0	0	0	0	0	0	0	0	0	0	0	0	0	0	0	0	0	0	0	0	0	0	0	0	0	0	0	0	0	0	0	0	0	0	0	0	0	0	0	0	0	0	0	0	0	0	0	0	0	0	0	0	0	0	0	0	0	0	0	0	0	0	0	0	0	0	0	0	0	0	0	0	0	0	0	0	0	0	0	0	0	0	0	0	0	0	0	0	0	0	0	0	0	0	
381	382	367	367	367	367	367	378	356	379	367	367	367	367	367	371	372	370	367	378	356	379	367	367	367	367	367	367	367	367	367	378	356	379	367	367	367	367	367	371	372	370	367	367	367	367	367	367	367	367	367	378	356	379	367	371	372	370	367	365	360	376	377	377	181	188	210	211	326	211	212	212	308	212	212	212	308	212	212	212	308	212	212	212	243	243	219	212	308	212	211	211	326	211	188	178	0	0	0	0	0	0	0	0	0	0	0	0	0	0	0	0	0	0	0	0	0	0	0	0	0	0	0	0	0	0	0	0	0	0	0	0	0	0	0	0	0	0	0	0	0	0	0	0	0	0	0	0	0	0	0	0	0	0	0	0	0	0	0	0	0	0	0	0	0	0	0	0	0	0	0	0	0	0	0	0	0	0	0	0	0	0	0	0	0	0	0	0	0	0	0	0	
354	355	367	367	367	367	367	367	367	367	367	367	367	367	367	368	369	370	367	367	367	367	367	367	367	367	367	367	367	367	367	367	367	367	367	367	367	367	367	368	369	370	367	367	367	367	367	367	367	367	367	367	367	367	367	368	369	370	367	365	383	376	377	377	178	179	180	181	178	179	216	212	308	212	212	212	308	212	212	212	308	212	212	212	243	243	219	212	308	212	180	181	178	179	180	181	0	0	0	0	0	0	0	0	0	0	0	0	0	0	0	0	0	0	0	0	0	0	0	0	0	0	0	0	0	0	0	0	0	0	0	0	0	0	0	0	0	0	0	0	0	0	0	0	0	0	0	0	0	0	0	0	0	0	0	0	0	0	0	0	0	0	0	0	0	0	0	0	0	0	0	0	0	0	0	0	0	0	0	0	0	0	0	0	0	0	0	0	0	0	0	0	
365	366	384	385	386	387	387	387	387	387	387	387	387	387	387	388	389	390	387	387	387	387	387	387	387	387	387	387	387	387	387	387	387	387	387	387	387	387	387	388	389	390	387	387	387	387	387	387	387	387	387	387	387	387	387	388	389	390	387	365	391	376	377	377	181	188	217	218	181	188	219	212	308	212	212	212	308	212	212	212	308	212	212	212	243	243	219	212	308	212	220	178	314	315	188	178	0	0	0	0	0	0	0	0	0	0	0	0	0	0	0	0	0	0	0	0	0	0	0	0	0	0	0	0	0	0	0	0	0	0	0	0	0	0	0	0	0	0	0	0	0	0	0	0	0	0	0	0	0	0	0	0	0	0	0	0	0	0	0	0	0	0	0	0	0	0	0	0	0	0	0	0	0	0	0	0	0	0	0	0	0	0	0	0	0	0	0	0	0	0	0	0	
365	366	392	393	394	395	395	395	395	395	395	395	395	395	395	395	395	395	395	395	395	395	395	395	395	395	395	395	395	395	395	395	395	395	395	395	395	395	395	395	395	395	395	395	395	395	395	395	395	395	395	395	395	395	395	395	395	395	395	365	396	376	377	377	178	179	132	133	201	202	221	212	308	212	212	212	308	212	212	212	308	212	212	212	335	335	219	212	308	212	222	202	60	61	180	181	0	0	0	0	0	0	0	0	0	0	0	0	0	0	0	0	0	0	0	0	0	0	0	0	0	0	0	0	0	0	0	0	0	0	0	0	0	0	0	0	0	0	0	0	0	0	0	0	0	0	0	0	0	0	0	0	0	0	0	0	0	0	0	0	0	0	0	0	0	0	0	0	0	0	0	0	0	0	0	0	0	0	0	0	0	0	0	0	0	0	0	0	0	0	0	0	
397	398	399	400	401	400	402	402	402	402	402	402	402	402	402	402	402	402	402	400	92	92	92	92	403	402	402	402	402	402	402	400	92	92	92	92	403	402	402	402	402	402	402	400	92	92	92	92	403	402	402	402	402	402	402	402	402	402	402	404	405	406	407	407	181	188	134	135	210	211	211	211	326	211	212	212	308	212	211	211	326	211	211	211	146	146	210	211	326	211	211	211	72	73	188	178	0	0	0	0	0	0	0	0	0	0	0	0	0	0	0	0	0	0	0	0	0	0	0	0	0	0	0	0	0	0	0	0	0	0	0	0	0	0	0	0	0	0	0	0	0	0	0	0	0	0	0	0	0	0	0	0	0	0	0	0	0	0	0	0	0	0	0	0	0	0	0	0	0	0	0	0	0	0	0	0	0	0	0	0	0	0	0	0	0	0	0	0	0	0	0	0	
408	409	410	411	408	409	410	411	408	409	410	411	408	409	410	411	408	409	410	412	92	92	92	92	413	409	410	411	408	409	410	412	92	92	92	92	413	409	410	411	408	409	410	412	92	92	92	92	413	409	410	411	408	409	410	411	408	409	410	411	408	409	410	411	178	179	180	181	178	179	180	181	178	179	216	212	308	212	180	181	178	179	180	181	178	179	180	181	178	179	180	181	178	179	180	181	0	0	0	0	0	0	0	0	0	0	0	0	0	0	0	0	0	0	0	0	0	0	0	0	0	0	0	0	0	0	0	0	0	0	0	0	0	0	0	0	0	0	0	0	0	0	0	0	0	0	0	0	0	0	0	0	0	0	0	0	0	0	0	0	0	0	0	0	0	0	0	0	0	0	0	0	0	0	0	0	0	0	0	0	0	0	0	0	0	0	0	0	0	0	0	0	
414	415	416	92	414	415	416	92	414	415	416	92	414	415	416	92	414	415	416	92	92	92	92	92	414	415	416	92	414	415	416	92	92	92	92	92	414	415	416	92	414	415	416	92	92	92	92	92	414	415	416	92	414	415	416	92	414	415	416	92	414	415	416	92	181	188	188	178	303	188	188	178	303	188	219	212	308	212	220	178	303	188	188	178	303	188	188	178	303	188	188	178	303	188	188	178	0	0	0	0	0	0	0	0	0	0	0	0	0	0	0	0	0	0	0	0	0	0	0	0	0	0	0	0	0	0	0	0	0	0	0	0	0	0	0	0	0	0	0	0	0	0	0	0	0	0	0	0	0	0	0	0	0	0	0	0	0	0	0	0	0	0	0	0	0	0	0	0	0	0	0	0	0	0	0	0	0	0	0	0	0	0	0	0	0	0	0	0	0	0	0	0	
92	417	92	92	92	417	92	92	92	417	92	92	92	417	92	92	92	417	92	92	92	92	92	92	92	417	92	92	92	417	92	92	92	92	92	92	92	417	92	92	92	417	92	92	92	92	92	92	92	417	92	92	92	417	92	92	92	417	92	92	92	417	92	92	178	179	201	202	306	202	202	202	306	202	221	212	308	212	222	202	306	202	202	202	306	202	202	202	306	202	202	202	306	202	180	181	0	0	0	0	0	0	0	0	0	0	0	0	0	0	0	0	0	0	0	0	0	0	0	0	0	0	0	0	0	0	0	0	0	0	0	0	0	0	0	0	0	0	0	0	0	0	0	0	0	0	0	0	0	0	0	0	0	0	0	0	0	0	0	0	0	0	0	0	0	0	0	0	0	0	0	0	0	0	0	0	0	0	0	0	0	0	0	0	0	0	0	0	0	0	0	0	
418	419	418	418	418	419	418	418	418	419	418	418	418	419	418	418	418	419	418	418	418	418	418	418	418	419	418	418	418	419	418	418	418	418	418	418	418	419	418	418	418	419	418	418	418	418	418	418	418	419	418	418	418	419	418	418	418	419	418	418	418	419	418	418	181	188	210	211	309	211	211	211	309	211	211	211	326	211	211	211	309	211	211	211	309	211	211	211	309	211	211	211	309	211	188	178	0	0	0	0	0	0	0	0	0	0	0	0	0	0	0	0	0	0	0	0	0	0	0	0	0	0	0	0	0	0	0	0	0	0	0	0	0	0	0	0	0	0	0	0	0	0	0	0	0	0	0	0	0	0	0	0	0	0	0	0	0	0	0	0	0	0	0	0	0	0	0	0	0	0	0	0	0	0	0	0	0	0	0	0	0	0	0	0	0	0	0	0	0	0	0	0	
420	420	420	420	420	420	420	420	420	420	420	420	420	420	420	420	420	420	420	420	420	420	420	420	420	420	420	420	420	420	420	420	420	420	420	420	420	420	420	420	420	420	420	420	420	420	420	420	420	420	420	420	420	420	420	420	420	420	420	420	420	420	420	420	421	422	421	422	421	422	421	422	421	422	421	422	421	422	421	422	421	422	421	422	421	422	421	422	421	422	421	422	421	422	421	422	423	423	423	423	423	423	423	423	423	423	423	423	423	423	423	423	423	423	423	423	423	423	423	423	423	423	423	423	423	423	423	423	423	423	423	423	423	423	423	423	423	423	423	423	423	423	423	423	423	423	423	423	423	423	423	423	423	423	423	423	423	423	423	423	423	423	423	423	423	423	423	423	423	423	423	423	423	423	423	423	423	423	423	423	423	423	423	423	423	423	423	423	423	423	423	423	
