0	0	0	3072	3040	4	0
01	0	0	1536	1520	4	0
011	0	0	768	760	0	0
012	768	0	768	760	0	0
013	0	760	768	760	4	0
0131	0	760	384	380	0	0
0132	384	760	384	380	4	0
01321	384	760	192	190	0	0
01322	576	760	192	190	0	0
01323	384	950	192	190	0	2	377	379
01324	576	950	192	190	0	3	376	377	378
0133	0	1140	384	380	0	0
0134	384	1140	384	380	4	0
01341	384	1140	192	190	0	1	379
01342	576	1140	192	190	0	2	375	378
01343	384	1330	192	190	0	1	379
01344	576	1330	192	190	0	1	378
014	768	760	768	760	4	0
0141	768	760	384	380	0	0
0142	1152	760	384	380	4	0
01421	1152	760	192	190	0	0
01422	1344	760	192	190	0	0
01423	1152	950	192	190	0	2	348	349
01424	1344	950	192	190	0	2	348	353
0143	768	1140	384	380	0	0
0144	1152	1140	384	380	4	0
01441	1152	1140	192	190	0	4	349	350	354	355
01442	1344	1140	192	190	0	6	350	351	352	353	354	358
01443	1152	1330	192	190	0	2	355	356
01444	1344	1330	192	190	0	3	356	357	358
02	1536	0	1536	1520	4	0
021	1536	0	768	760	4	0
0211	1536	0	384	380	4	0
02111	1536	0	192	190	0	4	235	255	256	262
02112	1728	0	192	190	0	3	257	258	262
02113	1536	190	192	190	0	2	235	253
02114	1728	190	192	190	0	3	253	254	259
0212	1920	0	384	380	4	0
02121	1920	0	192	190	0	11	234	260	261	262	263	264	265	288	297	298	299
02122	2112	0	192	190	0	6	288	289	290	291	292	299
02123	1920	190	192	190	0	6	234	252	259	284	286	288
02124	2112	190	192	190	0	5	284	288	290	291	292
0213	1536	380	384	380	4	0
02131	1536	380	192	190	0	4	235	248	249	250
02132	1728	380	192	190	0	2	250	251
02133	1536	570	192	190	0	3	235	244	247
02134	1728	570	192	190	0	3	244	245	247
0214	1920	380	384	380	4	0
02141	1920	380	192	190	0	8	234	250	251	279	286	287	307	308
02142	2112	380	192	190	0	2	279	308
02143	1920	570	192	190	0	7	234	245	246	303	305	306	307
02144	2112	570	192	190	0	3	303	305	306
022	2304	0	768	760	4	0
0221	2304	0	384	380	4	0
02211	2304	0	192	190	0	6	291	293	294	295	299	301
02212	2496	0	192	190	0	10	295	296	300	301	302	336	337	338	339	340
02213	2304	190	192	190	0	6	284	285	291	293	294	295
02214	2496	190	192	190	0	7	283	284	295	310	335	337	342
0222	2688	0	384	380	4	0
02221	2688	0	192	190	0	5	330	331	332	333	340
02222	2880	0	192	190	0	9	325	327	328	329	330	333	334	340	341
02223	2688	190	192	190	0	8	316	317	335	342	343	344	345	347
02224	2880	190	192	190	0	10	317	318	319	321	326	328	329	334	335	342
0223	2304	380	384	380	4	0
02231	2304	380	192	190	0	5	279	280	281	308	309
02232	2496	380	192	190	0	10	281	282	283	304	309	310	311	312	313	314
02233	2304	570	192	190	0	1	303
02234	2496	570	192	190	0	2	303	304
0224	2688	380	384	380	4	0
02241	2688	380	192	190	0	6	314	315	316	344	345	346
02242	2880	380	192	190	0	6	319	320	322	323	324	328
02243	2688	570	192	190	0	0
02244	2880	570	192	190	0	0
023	1536	760	768	760	4	0
0231	1536	760	384	380	4	0
02311	1536	760	192	190	0	6	235	240	241	242	243	381
02312	1728	760	192	190	0	1	242
02313	1536	950	192	190	0	8	223	224	227	228	235	238	239	240
02314	1728	950	192	190	0	5	220	222	223	224	238
0232	1920	760	384	380	4	0
02321	1920	760	192	190	0	3	221	234	242
02322	2112	760	192	190	0	0
02323	1920	950	192	190	0	5	140	205	219	220	234
02324	2112	950	192	190	0	2	140	205
0233	1536	1140	384	380	4	0
02331	1536	1140	192	190	0	4	225	226	228	235
02332	1728	1140	192	190	0	2	218	225
02333	1536	1330	192	190	0	5	229	231	232	233	235
02334	1728	1330	192	190	0	5	214	216	229	230	231
0234	1920	1140	384	380	4	0
02341	1920	1140	192	190	0	6	202	204	217	218	225	234
02342	2112	1140	192	190	0	4	201	202	203	204
02343	1920	1330	192	190	0	5	196	214	215	229	234
02344	2112	1330	192	190	0	6	193	195	196	197	198	199
024	2304	760	768	760	4	0
0241	2304	760	384	380	4	0
02411	2304	760	192	190	0	0
02412	2496	760	192	190	0	0
02413	2304	950	192	190	0	1	140
02414	2496	950	192	190	0	2	139	140
0242	2688	760	384	380	0	0
0243	2304	1140	384	380	4	0
02431	2304	1140	192	190	0	0
02432	2496	1140	192	190	0	1	139
02433	2304	1330	192	190	0	3	195	199	200
02434	2496	1330	192	190	0	1	139
0244	2688	1140	384	380	0	0
03	0	1520	1536	1520	4	0
031	0	1520	768	760	4	0
0311	0	1520	384	380	0	0
0312	384	1520	384	380	4	0
03121	384	1520	192	190	0	1	379
03122	576	1520	192	190	0	3	373	374	378
03123	384	1710	192	190	0	2	371	379
03124	576	1710	192	190	0	4	371	372	373	378
0313	0	1900	384	380	0	0
0314	384	1900	384	380	0	0
032	768	1520	768	760	4	0
0321	768	1520	384	380	4	0
03211	768	1520	192	190	0	4	367	368	369	370
03212	960	1520	192	190	0	1	370
03213	768	1710	192	190	0	4	364	365	366	367
03214	960	1710	192	190	0	6	4	113	120	363	364	366
0322	1152	1520	384	380	4	0
03221	1152	1520	192	190	0	2	362	370
03222	1344	1520	192	190	0	4	359	360	361	362
03223	1152	1710	192	190	0	5	113	120	121	363	366
03224	1344	1710	192	190	0	23	113	116	118	120	146	147	148	149	151	152	153	155	156	157	159	160	174	266	267	268	361	363	366
0323	768	1900	384	380	4	0
03231	768	1900	192	190	0	0
03232	960	1900	192	190	0	5	4	107	109	111	113
03233	768	2090	192	190	0	0
03234	960	2090	192	190	0	4	4	102	104	107
0324	1152	1900	384	380	4	0
03241	1152	1900	192	190	0	8	107	109	111	112	113	114	115	158
03242	1344	1900	192	190	0	12	74	107	109	110	113	116	117	119	150	154	160	382
03243	1152	2090	192	190	0	3	104	107	108
03244	1344	2090	192	190	0	5	74	104	105	106	107
033	0	2280	768	760	4	0
0331	0	2280	384	380	0	0
0332	384	2280	384	380	0	0
0333	0	2660	384	380	4	0
03331	0	2660	192	190	0	13	21	24	34	35	51	52	53	54	55	56	57	58	59
03332	192	2660	192	190	0	3	23	24	59
03333	0	2850	192	190	0	7	0	19	21	22	24	35	142
03334	192	2850	192	190	0	10	0	6	7	23	24	25	26	28	142	143
0334	384	2660	384	380	4	0
03341	384	2660	192	190	0	2	59	61
03342	576	2660	192	190	0	4	30	60	61	63
03343	384	2850	192	190	0	8	1	6	9	11	12	27	29	144
03344	576	2850	192	190	0	6	2	11	13	15	16	30
034	768	2280	768	760	4	0
0341	768	2280	384	380	4	0
03411	768	2280	192	190	0	0
03412	960	2280	192	190	0	5	4	96	100	101	102
03413	768	2470	192	190	0	0
03414	960	2470	192	190	0	5	4	87	88	89	96
0342	1152	2280	384	380	4	0
03421	1152	2280	192	190	0	4	96	99	101	103
03422	1344	2280	192	190	0	4	74	96	98	99
03423	1152	2470	192	190	0	5	87	88	90	95	96
03424	1344	2470	192	190	0	8	74	82	90	91	92	94	96	97
0343	768	2660	384	380	4	0
03431	768	2660	192	190	0	5	32	63	65	67	278
03432	960	2660	192	190	0	8	4	5	63	79	85	86	87	278
03433	768	2850	192	190	0	11	3	16	17	31	32	33	47	66	67	68	278
03434	960	2850	192	190	0	22	3	4	5	37	38	39	40	41	42	43	44	45	46	48	49	50	64	69	72	79	141	278
0344	1152	2660	384	380	4	0
03441	1152	2660	192	190	0	6	79	83	84	86	87	93
03442	1344	2660	192	190	0	7	74	79	81	82	84	92	145
03443	1152	2850	192	190	0	6	3	69	70	72	76	79
03444	1344	2850	192	190	0	8	72	74	76	77	78	79	80	380
04	1536	1520	1536	1520	4	0
041	1536	1520	768	760	4	0
0411	1536	1520	384	380	4	0
04111	1536	1520	192	190	0	5	211	213	235	236	237
04112	1728	1520	192	190	0	3	211	212	214
04113	1536	1710	192	190	0	14	118	125	162	163	171	172	173	175	176	177	206	235	236	266
04114	1728	1710	192	190	0	7	164	165	166	171	206	207	208
0412	1920	1520	384	380	4	0
04121	1920	1520	192	190	0	6	191	192	210	211	214	234
04122	2112	1520	192	190	0	4	188	191	192	194
04123	1920	1710	192	190	0	12	167	168	169	170	171	181	182	185	208	209	210	234
04124	2112	1710	192	190	0	6	182	183	184	185	186	188
0413	1536	1900	384	380	4	0
04131	1536	1900	192	190	0	6	74	123	124	125	161	383
04132	1728	1900	192	190	0	1	124
04133	1536	2090	192	190	0	1	74
04134	1728	2090	192	190	0	0
0414	1920	1900	384	380	4	0
04141	1920	1900	192	190	0	7	124	126	127	168	178	179	182
04142	2112	1900	192	190	0	5	124	127	128	182	183
04143	1920	2090	192	190	0	0
04144	2112	2090	192	190	0	0
042	2304	1520	768	760	4	0
0421	2304	1520	384	380	4	0
04211	2304	1520	192	190	0	4	189	190	191	194
04212	2496	1520	192	190	0	1	139
04213	2304	1710	192	190	0	5	133	184	186	187	189
04214	2496	1710	192	190	0	7	133	137	138	139	275	276	277
0422	2688	1520	384	380	4	0
04221	2688	1520	192	190	0	0
04222	2880	1520	192	190	0	0
04223	2688	1710	192	190	0	4	272	273	274	277
04224	2880	1710	192	190	0	4	269	270	271	277
0423	2304	1900	384	380	4	0
04231	2304	1900	192	190	0	4	127	128	129	133
04232	2496	1900	192	190	0	10	127	129	130	131	132	133	134	135	136	137
04233	2304	2090	192	190	0	0
04234	2496	2090	192	190	0	0
0424	2688	1900	384	380	4	0
04241	2688	1900	192	190	0	1	136
04242	2880	1900	192	190	0	2	136	269
04243	2688	2090	192	190	0	0
04244	2880	2090	192	190	0	0
043	1536	2280	768	760	4	0
0431	1536	2280	384	380	4	0
04311	1536	2280	192	190	0	1	74
04312	1728	2280	192	190	0	0
04313	1536	2470	192	190	0	1	74
04314	1728	2470	192	190	0	0
0432	1920	2280	384	380	0	0
0433	1536	2660	384	380	4	0
04331	1536	2660	192	190	0	1	74
04332	1728	2660	192	190	0	0
04333	1536	2850	192	190	0	1	74
04334	1728	2850	192	190	0	0
0434	1920	2660	384	380	0	0
044	2304	2280	768	760	0	0
