0	0	0	3072	3040	4	0
01	0	0	1536	1520	4	0
011	0	0	768	760	0	0
012	768	0	768	760	0	0
013	0	760	768	760	4	0
0131	0	760	384	380	0	0
0132	384	760	384	380	4	0
01321	384	760	192	190	0	0
01322	576	760	192	190	0	0
01323	384	950	192	190	0	2	371	373
01324	576	950	192	190	0	3	370	371	372
0133	0	1140	384	380	0	0
0134	384	1140	384	380	4	0
01341	384	1140	192	190	0	1	373
01342	576	1140	192	190	0	2	369	372
01343	384	1330	192	190	0	1	373
01344	576	1330	192	190	0	1	372
014	768	760	768	760	4	0
0141	768	760	384	380	0	0
0142	1152	760	384	380	4	0
01421	1152	760	192	190	0	0
01422	1344	760	192	190	0	0
01423	1152	950	192	190	0	2	342	343
01424	1344	950	192	190	0	2	342	347
0143	768	1140	384	380	0	0
0144	1152	1140	384	380	4	0
01441	1152	1140	192	190	0	4	343	344	348	349
01442	1344	1140	192	190	0	6	344	345	346	347	348	352
01443	1152	1330	192	190	0	2	349	350
01444	1344	1330	192	190	0	3	350	351	352
02	1536	0	1536	1520	4	0
021	1536	0	768	760	4	0
0211	1536	0	384	380	4	0
02111	1536	0	192	190	0	4	229	249	250	256
02112	1728	0	192	190	0	3	251	252	256
02113	1536	190	192	190	0	2	229	247
02114	1728	190	192	190	0	3	247	248	253
0212	1920	0	384	380	4	0
02121	1920	0	192	190	0	11	228	254	255	256	257	258	259	282	291	292	293
02122	2112	0	192	190	0	6	282	283	284	285	286	293
02123	1920	190	192	190	0	6	228	246	253	278	280	282
02124	2112	190	192	190	0	5	278	282	284	285	286
0213	1536	380	384	380	4	0
02131	1536	380	192	190	0	4	229	242	243	244
02132	1728	380	192	190	0	2	244	245
02133	1536	570	192	190	0	3	229	238	241
02134	1728	570	192	190	0	3	238	239	241
0214	1920	380	384	380	4	0
02141	1920	380	192	190	0	8	228	244	245	273	280	281	301	302
02142	2112	380	192	190	0	2	273	302
02143	1920	570	192	190	0	7	228	239	240	297	299	300	301
02144	2112	570	192	190	0	3	297	299	300
022	2304	0	768	760	4	0
0221	2304	0	384	380	4	0
02211	2304	0	192	190	0	6	285	287	288	289	293	295
02212	2496	0	192	190	0	10	289	290	294	295	296	330	331	332	333	334
02213	2304	190	192	190	0	6	278	279	285	287	288	289
02214	2496	190	192	190	0	7	277	278	289	304	329	331	336
0222	2688	0	384	380	4	0
02221	2688	0	192	190	0	5	324	325	326	327	334
02222	2880	0	192	190	0	9	319	321	322	323	324	327	328	334	335
02223	2688	190	192	190	0	8	310	311	329	336	337	338	339	341
02224	2880	190	192	190	0	10	311	312	313	315	320	322	323	328	329	336
0223	2304	380	384	380	4	0
02231	2304	380	192	190	0	5	273	274	275	302	303
02232	2496	380	192	190	0	10	275	276	277	298	303	304	305	306	307	308
02233	2304	570	192	190	0	1	297
02234	2496	570	192	190	0	2	297	298
0224	2688	380	384	380	4	0
02241	2688	380	192	190	0	6	308	309	310	338	339	340
02242	2880	380	192	190	0	6	313	314	316	317	318	322
02243	2688	570	192	190	0	0
02244	2880	570	192	190	0	0
023	1536	760	768	760	4	0
0231	1536	760	384	380	4	0
02311	1536	760	192	190	0	6	229	234	235	236	237	375
02312	1728	760	192	190	0	1	236
02313	1536	950	192	190	0	8	217	218	221	222	229	232	233	234
02314	1728	950	192	190	0	5	214	216	217	218	232
0232	1920	760	384	380	4	0
02321	1920	760	192	190	0	3	215	228	236
02322	2112	760	192	190	0	0
02323	1920	950	192	190	0	5	133	199	213	214	228
02324	2112	950	192	190	0	2	133	199
0233	1536	1140	384	380	4	0
02331	1536	1140	192	190	0	4	219	220	222	229
02332	1728	1140	192	190	0	2	212	219
02333	1536	1330	192	190	0	5	223	225	226	227	229
02334	1728	1330	192	190	0	5	208	210	223	224	225
0234	1920	1140	384	380	4	0
02341	1920	1140	192	190	0	6	196	198	211	212	219	228
02342	2112	1140	192	190	0	4	195	196	197	198
02343	1920	1330	192	190	0	5	190	208	209	223	228
02344	2112	1330	192	190	0	6	187	189	190	191	192	193
024	2304	760	768	760	4	0
0241	2304	760	384	380	4	0
02411	2304	760	192	190	0	0
02412	2496	760	192	190	0	0
02413	2304	950	192	190	0	1	133
02414	2496	950	192	190	0	2	132	133
0242	2688	760	384	380	0	0
0243	2304	1140	384	380	4	0
02431	2304	1140	192	190	0	0
02432	2496	1140	192	190	0	1	132
02433	2304	1330	192	190	0	3	189	193	194
02434	2496	1330	192	190	0	1	132
0244	2688	1140	384	380	0	0
03	0	1520	1536	1520	4	0
031	0	1520	768	760	4	0
0311	0	1520	384	380	0	0
0312	384	1520	384	380	4	0
03121	384	1520	192	190	0	1	373
03122	576	1520	192	190	0	3	367	368	372
03123	384	1710	192	190	0	2	365	373
03124	576	1710	192	190	0	4	365	366	367	372
0313	0	1900	384	380	0	0
0314	384	1900	384	380	0	0
032	768	1520	768	760	4	0
0321	768	1520	384	380	4	0
03211	768	1520	192	190	0	4	361	362	363	364
03212	960	1520	192	190	0	1	364
03213	768	1710	192	190	0	4	358	359	360	361
03214	960	1710	192	190	0	6	4	106	113	357	358	360
0322	1152	1520	384	380	4	0
03221	1152	1520	192	190	0	2	356	364
03222	1344	1520	192	190	0	4	353	354	355	356
03223	1152	1710	192	190	0	5	106	113	114	357	360
03224	1344	1710	192	190	0	23	106	109	111	113	139	141	142	143	145	146	147	149	150	151	153	154	168	260	261	262	355	357	360
0323	768	1900	384	380	4	0
03231	768	1900	192	190	0	0
03232	960	1900	192	190	0	5	4	100	102	104	106
03233	768	2090	192	190	0	0
03234	960	2090	192	190	0	4	4	95	97	100
0324	1152	1900	384	380	4	0
03241	1152	1900	192	190	0	8	100	102	104	105	106	107	108	152
03242	1344	1900	192	190	0	13	67	100	102	103	106	109	110	112	140	144	148	154	376
03243	1152	2090	192	190	0	3	97	100	101
03244	1344	2090	192	190	0	5	67	97	98	99	100
033	0	2280	768	760	4	0
0331	0	2280	384	380	0	0
0332	384	2280	384	380	0	0
0333	0	2660	384	380	4	0
03331	0	2660	192	190	0	15	21	23	29	30	46	47	48	49	50	51	52	53	135	378	379
03332	192	2660	192	190	0	6	22	23	53	136	381	383
03333	0	2850	192	190	0	7	0	19	21	23	30	378	389
03334	192	2850	192	190	0	9	0	6	7	22	23	24	381	383	388
0334	384	2660	384	380	4	0
03341	384	2660	192	190	0	8	53	55	137	380	382	383	384	385
03342	576	2660	192	190	0	7	26	54	55	57	385	386	387
03343	384	2850	192	190	0	10	1	6	9	11	12	25	380	383	384	385
03344	576	2850	192	190	0	9	2	11	13	15	16	26	385	386	387
034	768	2280	768	760	4	0
0341	768	2280	384	380	4	0
03411	768	2280	192	190	0	0
03412	960	2280	192	190	0	5	4	89	93	94	95
03413	768	2470	192	190	0	0
03414	960	2470	192	190	0	5	4	80	81	82	89
0342	1152	2280	384	380	4	0
03421	1152	2280	192	190	0	4	89	92	94	96
03422	1344	2280	192	190	0	4	67	89	91	92
03423	1152	2470	192	190	0	5	80	81	83	88	89
03424	1344	2470	192	190	0	8	67	75	83	84	85	87	89	90
0343	768	2660	384	380	4	0
03431	768	2660	192	190	0	6	27	57	59	60	272	387
03432	960	2660	192	190	0	8	4	5	57	72	78	79	80	272
03433	768	2850	192	190	0	10	3	16	17	27	28	42	60	61	272	387
03434	960	2850	192	190	0	22	3	4	5	32	33	34	35	36	37	38	39	40	41	43	44	45	58	62	65	72	134	272
0344	1152	2660	384	380	4	0
03441	1152	2660	192	190	0	6	72	76	77	79	80	86
03442	1344	2660	192	190	0	7	67	72	74	75	77	85	138
03443	1152	2850	192	190	0	6	3	62	63	65	69	72
03444	1344	2850	192	190	0	8	65	67	69	70	71	72	73	374
04	1536	1520	1536	1520	4	0
041	1536	1520	768	760	4	0
0411	1536	1520	384	380	4	0
04111	1536	1520	192	190	0	5	205	207	229	230	231
04112	1728	1520	192	190	0	3	205	206	208
04113	1536	1710	192	190	0	14	111	118	156	157	165	166	167	169	170	171	200	229	230	260
04114	1728	1710	192	190	0	7	158	159	160	165	200	201	202
0412	1920	1520	384	380	4	0
04121	1920	1520	192	190	0	6	185	186	204	205	208	228
04122	2112	1520	192	190	0	4	182	185	186	188
04123	1920	1710	192	190	0	12	161	162	163	164	165	175	176	179	202	203	204	228
04124	2112	1710	192	190	0	6	176	177	178	179	180	182
0413	1536	1900	384	380	4	0
04131	1536	1900	192	190	0	6	67	116	117	118	155	377
04132	1728	1900	192	190	0	1	117
04133	1536	2090	192	190	0	1	67
04134	1728	2090	192	190	0	0
0414	1920	1900	384	380	4	0
04141	1920	1900	192	190	0	7	117	119	120	162	172	173	176
04142	2112	1900	192	190	0	5	117	120	121	176	177
04143	1920	2090	192	190	0	0
04144	2112	2090	192	190	0	0
042	2304	1520	768	760	4	0
0421	2304	1520	384	380	4	0
04211	2304	1520	192	190	0	4	183	184	185	188
04212	2496	1520	192	190	0	1	132
04213	2304	1710	192	190	0	5	126	178	180	181	183
04214	2496	1710	192	190	0	7	126	130	131	132	269	270	271
0422	2688	1520	384	380	4	0
04221	2688	1520	192	190	0	0
04222	2880	1520	192	190	0	0
04223	2688	1710	192	190	0	4	266	267	268	271
04224	2880	1710	192	190	0	4	263	264	265	271
0423	2304	1900	384	380	4	0
04231	2304	1900	192	190	0	4	120	121	122	126
04232	2496	1900	192	190	0	10	120	122	123	124	125	126	127	128	129	130
04233	2304	2090	192	190	0	0
04234	2496	2090	192	190	0	0
0424	2688	1900	384	380	4	0
04241	2688	1900	192	190	0	1	129
04242	2880	1900	192	190	0	2	129	263
04243	2688	2090	192	190	0	0
04244	2880	2090	192	190	0	0
043	1536	2280	768	760	4	0
0431	1536	2280	384	380	4	0
04311	1536	2280	192	190	0	1	67
04312	1728	2280	192	190	0	0
04313	1536	2470	192	190	0	1	67
04314	1728	2470	192	190	0	0
0432	1920	2280	384	380	0	0
0433	1536	2660	384	380	4	0
04331	1536	2660	192	190	0	1	67
04332	1728	2660	192	190	0	0
04333	1536	2850	192	190	0	1	67
04334	1728	2850	192	190	0	0
0434	1920	2660	384	380	0	0
044	2304	2280	768	760	0	0
