0	0	0	3072	3040	4	0
01	0	0	1536	1520	4	0
011	0	0	768	760	0	0
012	768	0	768	760	0	0
013	0	760	768	760	4	0
0131	0	760	384	380	0	0
0132	384	760	384	380	4	0
01321	384	760	192	190	0	0
01322	576	760	192	190	0	0
01323	384	950	192	190	0	2	374	376
01324	576	950	192	190	0	3	373	374	375
0133	0	1140	384	380	0	0
0134	384	1140	384	380	4	0
01341	384	1140	192	190	0	1	376
01342	576	1140	192	190	0	2	372	375
01343	384	1330	192	190	0	1	376
01344	576	1330	192	190	0	1	375
014	768	760	768	760	4	0
0141	768	760	384	380	0	0
0142	1152	760	384	380	4	0
01421	1152	760	192	190	0	0
01422	1344	760	192	190	0	0
01423	1152	950	192	190	0	2	345	346
01424	1344	950	192	190	0	2	345	350
0143	768	1140	384	380	0	0
0144	1152	1140	384	380	4	0
01441	1152	1140	192	190	0	4	346	347	351	352
01442	1344	1140	192	190	0	6	347	348	349	350	351	355
01443	1152	1330	192	190	0	2	352	353
01444	1344	1330	192	190	0	3	353	354	355
02	1536	0	1536	1520	4	0
021	1536	0	768	760	4	0
0211	1536	0	384	380	4	0
02111	1536	0	192	190	0	4	232	252	253	259
02112	1728	0	192	190	0	3	254	255	259
02113	1536	190	192	190	0	2	232	250
02114	1728	190	192	190	0	3	250	251	256
0212	1920	0	384	380	4	0
02121	1920	0	192	190	0	11	231	257	258	259	260	261	262	285	294	295	296
02122	2112	0	192	190	0	6	285	286	287	288	289	296
02123	1920	190	192	190	0	6	231	249	256	281	283	285
02124	2112	190	192	190	0	5	281	285	287	288	289
0213	1536	380	384	380	4	0
02131	1536	380	192	190	0	4	232	245	246	247
02132	1728	380	192	190	0	2	247	248
02133	1536	570	192	190	0	3	232	241	244
02134	1728	570	192	190	0	3	241	242	244
0214	1920	380	384	380	4	0
02141	1920	380	192	190	0	8	231	247	248	276	283	284	304	305
02142	2112	380	192	190	0	2	276	305
02143	1920	570	192	190	0	7	231	242	243	300	302	303	304
02144	2112	570	192	190	0	3	300	302	303
022	2304	0	768	760	4	0
0221	2304	0	384	380	4	0
02211	2304	0	192	190	0	6	288	290	291	292	296	298
02212	2496	0	192	190	0	10	292	293	297	298	299	333	334	335	336	337
02213	2304	190	192	190	0	6	281	282	288	290	291	292
02214	2496	190	192	190	0	7	280	281	292	307	332	334	339
0222	2688	0	384	380	4	0
02221	2688	0	192	190	0	5	327	328	329	330	337
02222	2880	0	192	190	0	9	322	324	325	326	327	330	331	337	338
02223	2688	190	192	190	0	8	313	314	332	339	340	341	342	344
02224	2880	190	192	190	0	10	314	315	316	318	323	325	326	331	332	339
0223	2304	380	384	380	4	0
02231	2304	380	192	190	0	5	276	277	278	305	306
02232	2496	380	192	190	0	10	278	279	280	301	306	307	308	309	310	311
02233	2304	570	192	190	0	1	300
02234	2496	570	192	190	0	2	300	301
0224	2688	380	384	380	4	0
02241	2688	380	192	190	0	6	311	312	313	341	342	343
02242	2880	380	192	190	0	6	316	317	319	320	321	325
02243	2688	570	192	190	0	0
02244	2880	570	192	190	0	0
023	1536	760	768	760	4	0
0231	1536	760	384	380	4	0
02311	1536	760	192	190	0	6	232	237	238	239	240	378
02312	1728	760	192	190	0	1	239
02313	1536	950	192	190	0	8	220	221	224	225	232	235	236	237
02314	1728	950	192	190	0	5	217	219	220	221	235
0232	1920	760	384	380	4	0
02321	1920	760	192	190	0	3	218	231	239
02322	2112	760	192	190	0	0
02323	1920	950	192	190	0	5	136	202	216	217	231
02324	2112	950	192	190	0	2	136	202
0233	1536	1140	384	380	4	0
02331	1536	1140	192	190	0	4	222	223	225	232
02332	1728	1140	192	190	0	2	215	222
02333	1536	1330	192	190	0	5	226	228	229	230	232
02334	1728	1330	192	190	0	5	211	213	226	227	228
0234	1920	1140	384	380	4	0
02341	1920	1140	192	190	0	6	199	201	214	215	222	231
02342	2112	1140	192	190	0	4	198	199	200	201
02343	1920	1330	192	190	0	5	193	211	212	226	231
02344	2112	1330	192	190	0	6	190	192	193	194	195	196
024	2304	760	768	760	4	0
0241	2304	760	384	380	4	0
02411	2304	760	192	190	0	0
02412	2496	760	192	190	0	0
02413	2304	950	192	190	0	1	136
02414	2496	950	192	190	0	2	135	136
0242	2688	760	384	380	0	0
0243	2304	1140	384	380	4	0
02431	2304	1140	192	190	0	0
02432	2496	1140	192	190	0	1	135
02433	2304	1330	192	190	0	3	192	196	197
02434	2496	1330	192	190	0	1	135
0244	2688	1140	384	380	0	0
03	0	1520	1536	1520	4	0
031	0	1520	768	760	4	0
0311	0	1520	384	380	0	0
0312	384	1520	384	380	4	0
03121	384	1520	192	190	0	1	376
03122	576	1520	192	190	0	3	370	371	375
03123	384	1710	192	190	0	2	368	376
03124	576	1710	192	190	0	4	368	369	370	375
0313	0	1900	384	380	0	0
0314	384	1900	384	380	0	0
032	768	1520	768	760	4	0
0321	768	1520	384	380	4	0
03211	768	1520	192	190	0	4	364	365	366	367
03212	960	1520	192	190	0	1	367
03213	768	1710	192	190	0	4	361	362	363	364
03214	960	1710	192	190	0	6	4	109	116	360	361	363
0322	1152	1520	384	380	4	0
03221	1152	1520	192	190	0	2	359	367
03222	1344	1520	192	190	0	4	356	357	358	359
03223	1152	1710	192	190	0	5	109	116	117	360	363
03224	1344	1710	192	190	0	23	109	112	114	116	142	144	145	146	148	149	150	152	153	154	156	157	171	263	264	265	358	360	363
0323	768	1900	384	380	4	0
03231	768	1900	192	190	0	0
03232	960	1900	192	190	0	5	4	103	105	107	109
03233	768	2090	192	190	0	0
03234	960	2090	192	190	0	4	4	98	100	103
0324	1152	1900	384	380	4	0
03241	1152	1900	192	190	0	8	103	105	107	108	109	110	111	155
03242	1344	1900	192	190	0	13	70	103	105	106	109	112	113	115	143	147	151	157	379
03243	1152	2090	192	190	0	3	100	103	104
03244	1344	2090	192	190	0	5	70	100	101	102	103
033	0	2280	768	760	4	0
0331	0	2280	384	380	0	0
0332	384	2280	384	380	0	0
0333	0	2660	384	380	4	0
03331	0	2660	192	190	0	16	21	23	30	31	47	48	49	50	51	52	53	54	55	138	381	382
03332	192	2660	192	190	0	6	22	23	55	139	384	386
03333	0	2850	192	190	0	6	0	19	21	23	31	381
03334	192	2850	192	190	0	10	0	6	7	22	23	24	25	384	386	391
0334	384	2660	384	380	4	0
03341	384	2660	192	190	0	8	55	57	140	383	385	386	387	388
03342	576	2660	192	190	0	7	27	56	57	59	388	389	390
03343	384	2850	192	190	0	10	1	6	9	11	12	26	383	386	387	388
03344	576	2850	192	190	0	9	2	11	13	15	16	27	388	389	390
034	768	2280	768	760	4	0
0341	768	2280	384	380	4	0
03411	768	2280	192	190	0	0
03412	960	2280	192	190	0	5	4	92	96	97	98
03413	768	2470	192	190	0	0
03414	960	2470	192	190	0	5	4	83	84	85	92
0342	1152	2280	384	380	4	0
03421	1152	2280	192	190	0	4	92	95	97	99
03422	1344	2280	192	190	0	4	70	92	94	95
03423	1152	2470	192	190	0	5	83	84	86	91	92
03424	1344	2470	192	190	0	8	70	78	86	87	88	90	92	93
0343	768	2660	384	380	4	0
03431	768	2660	192	190	0	6	28	59	61	63	275	390
03432	960	2660	192	190	0	8	4	5	59	75	81	82	83	275
03433	768	2850	192	190	0	11	3	16	17	28	29	43	62	63	64	275	390
03434	960	2850	192	190	0	22	3	4	5	33	34	35	36	37	38	39	40	41	42	44	45	46	60	65	68	75	137	275
0344	1152	2660	384	380	4	0
03441	1152	2660	192	190	0	6	75	79	80	82	83	89
03442	1344	2660	192	190	0	7	70	75	77	78	80	88	141
03443	1152	2850	192	190	0	6	3	65	66	68	72	75
03444	1344	2850	192	190	0	8	68	70	72	73	74	75	76	377
04	1536	1520	1536	1520	4	0
041	1536	1520	768	760	4	0
0411	1536	1520	384	380	4	0
04111	1536	1520	192	190	0	5	208	210	232	233	234
04112	1728	1520	192	190	0	3	208	209	211
04113	1536	1710	192	190	0	14	114	121	159	160	168	169	170	172	173	174	203	232	233	263
04114	1728	1710	192	190	0	7	161	162	163	168	203	204	205
0412	1920	1520	384	380	4	0
04121	1920	1520	192	190	0	6	188	189	207	208	211	231
04122	2112	1520	192	190	0	4	185	188	189	191
04123	1920	1710	192	190	0	12	164	165	166	167	168	178	179	182	205	206	207	231
04124	2112	1710	192	190	0	6	179	180	181	182	183	185
0413	1536	1900	384	380	4	0
04131	1536	1900	192	190	0	6	70	119	120	121	158	380
04132	1728	1900	192	190	0	1	120
04133	1536	2090	192	190	0	1	70
04134	1728	2090	192	190	0	0
0414	1920	1900	384	380	4	0
04141	1920	1900	192	190	0	7	120	122	123	165	175	176	179
04142	2112	1900	192	190	0	5	120	123	124	179	180
04143	1920	2090	192	190	0	0
04144	2112	2090	192	190	0	0
042	2304	1520	768	760	4	0
0421	2304	1520	384	380	4	0
04211	2304	1520	192	190	0	4	186	187	188	191
04212	2496	1520	192	190	0	1	135
04213	2304	1710	192	190	0	5	129	181	183	184	186
04214	2496	1710	192	190	0	7	129	133	134	135	272	273	274
0422	2688	1520	384	380	4	0
04221	2688	1520	192	190	0	0
04222	2880	1520	192	190	0	0
04223	2688	1710	192	190	0	4	269	270	271	274
04224	2880	1710	192	190	0	4	266	267	268	274
0423	2304	1900	384	380	4	0
04231	2304	1900	192	190	0	4	123	124	125	129
04232	2496	1900	192	190	0	10	123	125	126	127	128	129	130	131	132	133
04233	2304	2090	192	190	0	0
04234	2496	2090	192	190	0	0
0424	2688	1900	384	380	4	0
04241	2688	1900	192	190	0	1	132
04242	2880	1900	192	190	0	2	132	266
04243	2688	2090	192	190	0	0
04244	2880	2090	192	190	0	0
043	1536	2280	768	760	4	0
0431	1536	2280	384	380	4	0
04311	1536	2280	192	190	0	1	70
04312	1728	2280	192	190	0	0
04313	1536	2470	192	190	0	1	70
04314	1728	2470	192	190	0	0
0432	1920	2280	384	380	0	0
0433	1536	2660	384	380	4	0
04331	1536	2660	192	190	0	1	70
04332	1728	2660	192	190	0	0
04333	1536	2850	192	190	0	1	70
04334	1728	2850	192	190	0	0
0434	1920	2660	384	380	0	0
044	2304	2280	768	760	0	0
